Time (sec)	Detector 1 (uV)	Detector 2 (uV)	Detector 3 (uV)	Detector 4 (uV)	Temperature (deg C)	EC (mS/m)	MIP Pressure (psi)	MIP Flow (mL/min)	MIP Pressure (kPa)	HPT Press. (psi)	HPT Flow (mL/min)	HPT Line Press. (psi)	HPT Press. (kPa)	HPT Line Press. (kPa)	Depth (ft)	Depth (m)	HPT Screen Depth (ft)
0.00	17731	0	17258	0	123.2	0.00	15.1	59.7	104	15.582	0.0	250.0	107.44	1723.7	0.00	0.000	-0.27
1.00	17617	0	17418	0	125.3	0.00	15.1	59.7	104	15.580	0.0	250.0	107.42	1723.7	0.00	0.000	-0.27
2.00	17495	0	17373	23	126.6	0.00	15.1	59.7	104	15.580	0.0	250.0	107.42	1723.7	0.00	0.000	-0.27
3.00	17594	0	17281	0	127.9	0.00	15.1	59.7	104	15.580	0.0	250.0	107.42	1723.7	0.00	0.000	-0.27
4.00	17533	0	17350	8	129.1	0.00	15.1	59.7	104	15.585	0.0	250.0	107.45	1723.7	0.00	0.000	-0.27
5.00	17632	0	17289	0	129.8	0.00	15.1	59.7	104	15.570	0.0	250.0	107.35	1723.7	0.00	0.000	-0.27
6.00	17602	0	17296	0	130.5	0.00	15.0	59.6	104	15.576	0.0	250.0	107.39	1723.7	0.00	0.000	-0.27
7.00	17502	0	17312	0	131.0	0.00	15.0	59.6	104	15.575	0.0	250.0	107.39	1723.7	0.00	0.000	-0.27
8.00	17464	0	17335	15	131.1	0.00	15.0	59.6	104	15.576	0.0	250.0	107.40	1723.7	0.00	0.000	-0.27
9.00	17426	0	17235	0	131.3	0.00	15.0	59.6	104	15.569	0.0	250.0	107.34	1723.7	0.00	0.000	-0.27
10.00	17426	0	17281	8	131.4	0.00	15.0	59.6	104	15.582	0.0	250.0	107.44	1723.7	0.00	0.000	-0.27
11.00	17586	0	17281	15	131.5	0.00	15.0	59.6	103	15.575	0.0	250.0	107.39	1723.7	0.00	0.000	-0.27
12.00	17357	0	17190	0	131.5	0.00	15.0	59.6	103	15.574	0.0	250.0	107.38	1723.7	0.00	0.000	-0.27
13.00	17426	0	17220	0	131.4	0.00	15.0	59.6	103	15.567	0.0	250.0	107.33	1723.7	0.00	0.000	-0.27
14.00	17228	0	17174	0	131.3	0.00	15.0	59.6	103	15.563	0.0	250.0	107.30	1723.7	0.00	0.000	-0.27
15.00	17304	0	17174	8	131.3	0.00	15.0	59.6	103	15.565	0.0	250.0	107.32	1723.7	0.00	0.000	-0.27
16.00	17266	0	17190	15	131.1	0.00	15.0	59.6	103	15.569	0.0	250.0	107.35	1723.7	0.00	0.000	-0.27
17.00	17281	0	17228	0	130.7	0.00	15.0	59.6	103	15.555	0.0	250.0	107.25	1723.7	0.00	0.000	-0.27
18.00	17235	0	17258	8	130.7	0.00	15.0	59.6	103	15.552	0.0	250.0	107.23	1723.7	0.00	0.000	-0.27
19.00	17136	0	17129	15	130.4	0.00	14.9	59.5	103	15.560	0.0	250.0	107.28	1723.7	0.00	0.000	-0.27
20.00	17296	0	17090	8	129.7	0.00	14.9	59.5	103	15.563	0.0	250.0	107.30	1723.7	0.00	0.000	-0.27
21.00	17197	0	17182	0	129.3	0.00	14.9	59.5	103	15.560	0.0	250.0	107.28	1723.7	0.00	0.000	-0.27
22.00	17289	0	17052	0	129.1	0.00	14.9	59.5	103	15.562	0.0	250.0	107.29	1723.7	0.00	0.000	-0.27
23.00	17258	0	17136	15	128.7	0.00	14.9	59.5	103	15.558	0.0	250.0	107.27	1723.7	0.00	0.000	-0.27
24.00	17304	0	17037	0	128.3	0.00	14.9	59.5	103	15.558	0.0	250.0	107.27	1723.7	0.00	0.000	-0.27
25.00	17144	0	17197	15	127.9	0.00	14.9	59.5	103	15.554	0.0	250.0	107.24	1723.7	0.00	0.000	-0.27
26.00	17220	0	17129	23	127.2	0.00	14.9	59.5	103	15.554	0.0	250.0	107.24	1723.7	0.00	0.000	-0.27
27.00	17182	0	17144	0	126.8	0.00	14.9	59.5	103	15.558	0.0	250.0	107.27	1723.7	0.00	0.000	-0.27
28.00	17510	0	17418	0	126.7	0.00	14.9	59.5	103	15.552	0.0	250.0	107.22	1723.7	0.00	0.000	-0.27
29.00	17174	0	17083	15	126.5	0.00	14.9	59.5	103	15.551	0.0	250.0	107.22	1723.7	0.00	0.000	-0.27
30.00	17220	0	17136	15	125.6	0.00	14.9	59.5	103	15.553	0.0	250.0	107.24	1723.7	0.00	0.000	-0.27
31.00	17182	0	17022	8	125.4	0.00	14.9	59.5	103	15.556	0.0	250.0	107.26	1723.7	0.00	0.000	-0.27
32.00	17106	0	17022	0	125.1	0.00	14.9	59.5	103	15.563	0.0	250.0	107.30	1723.7	0.00	0.000	-0.27
33.00	17212	0	16968	38	124.3	0.00	14.9	59.5	102	15.557	0.0	250.0	107.26	1723.7	0.00	0.000	-0.27
34.00	17067	0	17029	15	124.1	0.00	14.9	59.5	102	15.559	0.0	250.0	107.28	1723.7	0.00	0.000	-0.27
35.00	17060	0	17029	8	123.8	0.00	14.9	59.4	102	15.555	0.0	250.0	107.25	1723.7	0.00	0.000	-0.27
36.00	17159	0	17060	0	123.5	0.00	14.9	59.4	102	15.559	0.0	250.0	107.28	1723.7	0.00	0.000	-0.27
37.00	17113	0	17006	8	122.8	0.00	14.8	59.4	102	15.558	0.0	250.0	107.27	1723.7	0.00	0.000	-0.27
38.00	17113	0	17006	0	122.6	0.00	14.8	59.4	102	15.554	0.0	250.0	107.24	1723.7	0.00	0.000	-0.27
39.00	17151	0	16945	8	122.4	0.00	14.8	59.4	102	15.548	0.0	250.0	107.20	1723.7	0.00	0.000	-0.27
40.00	17029	0	16968	15	121.8	0.00	14.8	59.4	102	15.552	0.0	250.0	107.23	1723.7	0.00	0.000	-0.27
41.00	17098	0	16991	8	121.2	0.00	14.8	59.4	102	15.554	0.0	250.0	107.24	1723.7	0.00	0.000	-0.27
42.00	16968	0	16923	8	120.9	0.00	14.8	59.4	102	15.554	0.0	250.0	107.24	1723.7	0.00	0.000	-0.27
43.00	16846	0	16747	0	120.7	0.00	14.8	59.4	102	15.561	0.0	250.0	107.29	1723.7	0.00	0.000	-0.27
44.00	16892	0	16923	0	120.4	0.00	14.8	59.4	102	15.563	0.0	250.0	107.30	1723.7	0.00	0.000	-0.27
45.00	16861	0	17014	8	120.1	0.00	14.8	59.4	102	15.557	0.0	250.0	107.26	1723.7	0.00	0.000	-0.27
46.00	16961	0	17022	23	119.8	0.00	14.8	59.4	102	15.543	0.0	250.0	107.17	1723.7	0.00	0.000	-0.27
47.00	16823	0	16999	0	119.6	0.00	14.8	59.4	102	15.572	0.0	250.0	107.37	1723.7	0.00	0.000	-0.27
48.00	16877	0	17014	0	119.6	0.00	14.8	59.4	102	15.559	0.0	250.0	107.28	1723.7	0.00	0.000	-0.27
49.00	16778	0	16945	15	119.9	0.00	14.8	59.4	102	15.554	0.0	250.0	107.24	1723.7	0.00	0.000	-0.27
50.00	16839	0	16541	0	120.8	0.00	14.8	59.4	102	15.554	0.0	250.0	107.24	1723.7	0.00	0.000	-0.27
51.00	16694	0	16953	8	122.1	0.00	14.8	59.4	102	15.555	0.0	250.0	107.25	1723.7	0.00	0.000	-0.27
52.00	16694	0	16938	0	123.0	0.00	14.8	59.4	102	15.558	0.0	250.0	107.27	1723.7	0.00	0.000	-0.27
53.00	16762	0	16892	15	124.1	0.00	14.8	59.3	102	15.556	0.0	250.0	107.26	1723.7	0.00	0.000	-0.27
54.00	16762	0	16907	8	124.8	0.00	14.8	59.3	102	15.555	0.0	250.0	107.25	1723.7	0.00	0.000	-0.27
55.00	16793	0	16724	8	125.1	0.00	14.8	59.3	102	15.561	0.0	250.0	107.29	1723.7	0.00	0.000	-0.27
56.00	16709	0	16236	23	125.9	0.00	14.8	59.3	102	15.557	0.0	250.0	107.27	1723.7	0.00	0.000	-0.27
57.00	16678	0	16762	8	126.4	0.00	14.8	59.3	102	15.555	0.0	250.0	107.25	1723.7	0.00	0.000	-0.27
58.00	16572	0	16861	8	126.5	0.00	14.8	59.3	102	15.556	0.0	250.0	107.25	1723.7	0.00	0.000	-0.27
59.00	16694	0	16755	23	126.5	0.00	14.8	59.3	102	15.560	0.0	250.0	107.28	1723.7	0.00	0.000	-0.27
60.00	16686	0	16800	0	126.4	0.00	14.8	59.3	102	15.564	0.0	250.0	107.31	1723.7	0.00	0.000	-0.27
61.00	16640	0	16778	15	126.0	0.00	14.8	59.3	102	15.556	0.0	250.0	107.25	1723.7	0.00	0.000	-0.27
62.00	16655	0	16831	15	125.3	0.00	14.8	59.3	102	15.550	0.0	250.0	107.22	1723.7	0.00	0.000	-0.27
63.00	16480	0	16800	0	125.0	0.00	14.8	59.3	102	15.557	0.0	250.0	107.26	1723.7	0.00	0.000	-0.27
64.00	16495	0	16564	0	124.5	0.00	14.8	59.3	102	15.554	0.0	250.0	107.24	1723.7	0.00	0.000	-0.27
65.00	16488	0	16717	8	123.4	0.00	14.8	59.3	102	15.552	0.0	250.0	107.23	1723.7	0.00	0.000	-0.27
66.00	16381	0	16793	0	123.0	0.00	14.8	59.3	102	15.547	0.0	250.0	107.19	1723.7	0.00	0.000	-0.27
67.00	16572	0	17014	8	122.6	0.00	14.8	59.3	102	15.557	0.0	250.0	107.27	1723.7	0.00	0.000	-0.27
68.00	16388	0	16678	8	120.3	0.00	14.8	59.3	102	15.550	0.0	250.0	107.22	1723.7	0.00	0.000	-0.27
69.00	16434	0	16877	0	118.8	0.00	14.8	59.3	102	15.552	0.0	250.0	107.23	1723.7	0.00	0.000	-0.27
70.00	16419	0	16961	15	117.9	0.00	14.8	59.3	102	15.553	0.0	250.0	107.24	1723.7	0.00	0.000	-0.27
71.00	16457	0	17045	0	116.6	0.00	14.8	59.3	102	15.561	0.0	250.0	107.29	1723.7	0.00	0.000	-0.27
72.00	16358	0	17167	0	116.2	0.00	14.8	59.3	102	15.559	0.0	250.0	107.27	1723.7	0.00	0.000	-0.27
73.00	16297	0	17289	8	116.2	0.00	14.8	59.3	102	15.561	0.0	250.0	107.29	1723.7	0.00	0.000	-0.27
74.00	16114	0	17289	0	116.2	0.00	14.8	59.3	102	15.556	0.0	250.0	107.26	1723.7	0.00	0.000	-0.27
75.00	16213	0	17350	8	116.4	0.00	14.8	59.3	102	15.558	0.0	250.0	107.27	1723.7	0.00	0.000	-0.27
76.00	16175	0	17472	8	117.4	0.00	14.8	59.3	102	15.558	0.0	250.0	107.27	1723.7	0.00	0.000	-0.27
77.00	16167	0	17495	8	118.2	0.00	14.8	59.3	102	15.558	0.0	250.0	107.27	1723.7	0.00	0.000	-0.27
78.00	16335	0	17609	0	118.5	0.00	14.8	59.3	102	15.551	0.0	250.0	107.22	1723.7	0.00	0.000	-0.27
79.00	16327	0	17617	8	118.9	0.00	14.8	59.3	102	15.557	0.0	250.0	107.26	1723.7	0.00	0.000	-0.27
80.00	16282	0	17602	0	119.6	0.00	14.8	59.3	102	15.548	0.0	250.0	107.20	1723.7	0.00	0.000	-0.27
81.00	16228	0	17663	0	120.0	0.00	14.8	59.2	102	15.553	0.0	250.0	107.24	1723.7	0.00	0.000	-0.27
82.00	16358	0	17754	15	120.0	0.00	14.8	59.2	102	15.550	0.0	250.0	107.21	1723.7	0.00	0.000	-0.27
83.00	16457	0	17769	0	120.2	0.00	14.8	59.2	102	15.561	0.0	250.0	107.29	1723.7	0.00	0.000	-0.27
84.00	16556	0	17693	53	120.5	0.00	14.8	59.2	102	15.558	0.0	250.0	107.27	1723.7	0.00	0.000	-0.27
85.00	16305	0	17769	8	120.9	0.00	14.8	59.2	102	15.545	0.0	250.0	107.18	1723.7	0.00	0.000	-0.27
86.00	16640	0	17724	15	121.0	0.00	14.8	59.2	102	15.558	0.0	250.0	107.27	1723.7	0.00	0.000	-0.27
87.00	16594	0	17365	0	121.1	0.00	14.8	59.2	102	15.555	0.0	250.0	107.25	1723.7	0.00	0.000	-0.27
88.00	16602	0	17830	8	121.2	0.00	14.8	59.2	102	15.559	0.0	250.0	107.27	1723.7	0.00	0.000	-0.27
89.00	16655	0	17693	0	121.3	0.00	14.8	59.2	102	15.552	0.0	250.0	107.23	1723.7	0.00	0.000	-0.27
90.00	16694	0	17724	23	121.7	0.00	14.7	59.2	102	15.554	0.0	250.0	107.24	1723.7	0.00	0.000	-0.27
91.00	16793	0	17747	0	121.7	0.00	14.7	59.2	102	15.559	0.0	250.0	107.27	1723.7	0.00	0.000	-0.27
92.00	16671	0	17640	8	121.6	0.00	14.8	59.2	102	15.552	0.0	250.0	107.23	1723.7	0.00	0.000	-0.27
93.00	16793	0	17663	8	121.5	0.00	14.7	59.2	102	15.554	0.0	250.0	107.24	1723.7	0.00	0.000	-0.27
94.00	16724	0	17640	0	121.5	0.00	14.7	59.2	102	15.559	0.0	250.0	107.28	1723.7	0.00	0.000	-0.27
95.00	16793	0	17693	15	121.6	0.00	14.7	59.2	102	15.552	0.0	250.0	107.23	1723.7	0.00	0.000	-0.27
96.00	16877	0	17724	0	121.6	0.00	14.7	59.2	102	15.556	0.0	250.0	107.26	1723.7	0.00	0.000	-0.27
97.00	16831	0	17632	15	121.8	0.00	14.7	59.2	102	15.563	0.0	250.0	107.30	1723.7	0.00	0.000	-0.27
98.00	16884	0	17685	0	121.9	0.00	14.7	59.2	102	15.557	0.0	250.0	107.26	1723.7	0.00	0.000	-0.27
99.00	16778	0	17563	23	122.0	0.00	14.7	59.2	102	15.555	0.0	250.0	107.25	1723.7	0.00	0.000	-0.27
100.00	16938	0	17594	8	122.1	0.00	14.7	59.2	102	15.560	0.0	250.0	107.29	1723.7	0.00	0.000	-0.27
101.00	16923	0	17579	0	122.1	0.00	14.7	59.2	102	15.550	0.0	250.0	107.21	1723.7	0.00	0.000	-0.27
102.00	17022	0	17602	0	122.1	0.00	14.7	59.2	102	15.555	0.0	250.0	107.25	1723.7	0.00	0.000	-0.27
103.00	16900	0	17579	0	122.1	0.00	14.7	59.2	102	15.557	0.0	250.0	107.26	1723.7	0.00	0.000	-0.27
104.00	16999	0	17594	8	122.2	0.00	14.7	59.2	102	15.551	0.0	250.0	107.22	1723.7	0.00	0.000	-0.27
105.00	17106	0	17495	0	122.2	0.00	14.7	59.2	102	15.556	0.0	250.0	107.26	1723.7	0.00	0.000	-0.27
106.00	17014	0	17579	0	122.4	0.00	14.7	59.2	102	15.554	0.0	250.0	107.24	1723.7	0.00	0.000	-0.27
107.00	17052	0	17617	8	122.5	0.00	14.7	59.2	102	15.556	0.0	250.0	107.25	1723.7	0.00	0.000	-0.27
108.00	17251	0	17594	69	122.7	0.00	14.7	59.2	102	15.554	0.0	250.0	107.24	1723.7	0.00	0.000	-0.27
109.00	17403	0	17602	8	122.8	0.00	14.7	59.2	102	15.558	0.0	250.0	107.27	1723.7	0.00	0.000	-0.27
110.00	17342	0	17556	0	123.0	0.00	14.7	59.2	102	15.559	0.0	250.0	107.27	1723.7	0.00	0.000	-0.27
111.00	17411	0	17495	0	123.7	0.00	14.7	59.2	102	15.555	0.0	250.0	107.24	1723.7	0.00	0.000	-0.27
112.00	17373	0	17495	0	124.1	0.00	14.7	59.2	102	15.560	0.0	250.0	107.28	1723.7	0.00	0.000	-0.27
113.00	17357	0	17510	31	124.0	0.00	14.7	59.2	102	15.549	0.0	250.0	107.21	1723.7	0.00	0.000	-0.27
114.00	17418	0	17747	0	124.3	0.00	14.7	59.2	102	15.557	0.0	250.0	107.27	1723.7	0.00	0.000	-0.27
115.00	17418	0	17914	0	124.5	0.00	14.7	59.2	102	15.555	0.0	250.0	107.25	1723.7	0.00	0.000	-0.27
116.00	17510	0	17541	15	125.0	0.00	14.7	59.2	102	15.554	0.0	250.0	107.24	1723.7	0.00	0.000	-0.27
117.00	17495	0	17518	38	125.2	0.00	14.7	59.2	102	15.551	0.0	250.0	107.22	1723.7	0.00	0.000	-0.27
118.00	17418	0	17548	15	125.1	0.00	14.7	59.2	102	15.568	0.0	250.0	107.34	1723.7	0.00	0.000	-0.27
119.00	17426	0	17533	8	125.1	0.00	14.7	59.2	101	15.556	0.0	250.0	107.25	1723.7	0.00	0.000	-0.27
120.00	17357	0	17541	15	125.2	0.00	14.7	59.2	101	15.560	0.0	250.0	107.28	1723.7	0.00	0.000	-0.27
121.00	17510	0	17563	15	125.9	0.00	14.7	59.2	101	15.549	0.0	250.0	107.21	1723.7	0.00	0.000	-0.27
122.00	17396	0	17617	23	126.1	0.00	14.7	59.2	101	15.556	0.0	250.0	107.25	1723.7	0.00	0.000	-0.27
123.00	17525	0	17632	8	126.3	0.00	14.7	59.2	101	15.556	0.0	250.0	107.26	1723.7	0.00	0.000	-0.27
124.00	17373	0	17663	23	126.7	0.00	14.7	59.2	101	15.572	0.0	250.0	107.36	1723.7	0.00	0.000	-0.27
125.00	17579	0	17739	0	127.1	0.00	14.7	59.2	101	15.553	0.0	250.0	107.23	1723.7	0.00	0.000	-0.27
126.00	17655	0	17701	0	127.6	0.00	14.7	59.2	101	15.562	0.0	250.0	107.30	1723.7	0.00	0.000	-0.27
127.00	17594	0	17708	0	127.7	0.00	14.7	59.2	101	15.566	0.0	250.0	107.32	1723.7	0.00	0.000	-0.27
128.00	17571	0	17693	15	127.7	0.00	14.7	59.2	101	15.540	0.0	250.0	107.14	1723.7	0.00	0.000	-0.27
129.00	17769	0	17754	8	127.6	0.00	14.7	59.2	101	15.558	0.0	250.0	107.27	1723.7	0.00	0.000	-0.27
130.00	17762	0	17693	0	127.5	0.00	14.7	59.2	101	15.553	0.0	250.0	107.23	1723.7	0.00	0.000	-0.27
131.00	17685	0	17708	8	127.4	0.00	14.7	59.2	101	15.570	0.0	250.0	107.35	1723.7	0.00	0.000	-0.27
132.00	17853	0	17647	8	127.1	0.00	14.7	59.2	101	15.561	0.0	250.0	107.29	1723.7	0.00	0.000	-0.27
133.00	17861	0	17853	23	126.8	0.00	14.7	59.2	101	15.561	0.0	250.0	107.29	1723.7	0.00	0.000	-0.27
134.00	17884	0	17800	53	126.5	0.00	14.7	59.2	101	15.563	0.0	250.0	107.31	1723.7	0.00	0.000	-0.27
135.00	17838	0	17853	0	126.1	0.00	14.7	59.2	101	15.559	0.0	250.0	107.27	1723.7	0.00	0.000	-0.27
136.00	17907	0	17769	0	125.7	0.00	14.7	59.2	101	15.557	0.0	250.0	107.27	1723.7	0.00	0.000	-0.27
137.00	17830	0	17830	76	125.5	0.00	14.7	59.2	101	15.559	0.0	250.0	107.27	1723.7	0.00	0.000	-0.27
138.00	18036	0	17792	0	125.2	0.00	14.7	59.2	101	15.560	0.0	250.0	107.28	1723.7	0.00	0.000	-0.27
139.00	17945	0	17838	0	124.5	0.00	14.7	59.2	101	15.559	0.0	250.0	107.27	1723.7	0.00	0.000	-0.27
140.00	18036	0	17861	38	124.0	0.00	14.7	59.2	101	15.547	0.0	250.0	107.19	1723.7	0.00	0.000	-0.27
141.00	17907	0	17891	8	123.9	0.00	14.7	59.2	101	15.563	0.0	250.0	107.30	1723.7	0.00	0.000	-0.27
142.00	18059	0	18006	8	123.5	0.00	14.7	59.2	101	15.551	0.0	250.0	107.22	1723.7	0.00	0.000	-0.27
143.00	18174	0	17983	8	123.0	0.00	14.7	59.2	101	15.553	0.0	250.0	107.23	1723.7	0.00	0.000	-0.27
144.00	18105	0	18029	8	122.5	0.00	14.7	59.2	101	15.569	0.0	250.0	107.35	1723.7	0.00	0.000	-0.27
145.00	18288	0	17983	8	122.2	0.00	14.7	59.2	101	15.527	0.0	250.0	107.05	1723.7	0.00	0.000	-0.27
146.00	18311	0	18082	8	121.9	0.00	14.7	59.1	101	15.565	0.0	250.0	107.32	1723.7	0.00	0.000	-0.27
147.00	18334	0	18197	8	121.0	0.00	14.7	59.2	101	15.558	0.0	250.0	107.27	1723.7	0.00	0.000	-0.27
148.00	18212	0	18212	15	120.2	0.00	14.7	59.2	101	15.571	0.0	250.0	107.36	1723.7	0.00	0.000	-0.27
149.00	18357	0	18143	0	119.9	0.00	14.7	59.1	101	15.560	0.0	250.0	107.28	1723.7	0.00	0.000	-0.27
150.00	18326	0	18181	8	119.7	0.00	14.7	59.1	101	15.563	0.0	250.0	107.30	1723.7	0.00	0.000	-0.27
151.00	18242	0	18250	0	119.8	0.00	14.7	59.1	101	15.546	0.0	250.0	107.18	1723.7	0.00	0.000	-0.27
152.00	18357	0	18159	15	119.8	0.00	14.7	59.1	101	15.556	0.0	250.0	107.25	1723.7	0.00	0.000	-0.27
153.00	18250	0	18159	15	120.2	0.00	14.7	59.1	101	15.562	0.0	250.0	107.29	1723.7	0.00	0.000	-0.27
154.00	18288	0	18181	23	121.0	0.00	14.7	59.1	101	15.561	0.0	250.0	107.29	1723.7	0.00	0.000	-0.27
155.00	18227	0	18181	8	121.5	0.00	14.7	59.1	101	15.556	0.0	250.0	107.26	1723.7	0.00	0.000	-0.27
156.00	18509	0	18296	15	121.7	0.00	14.7	59.1	101	15.546	0.0	250.0	107.18	1723.7	0.00	0.000	-0.27
157.00	18586	0	18342	23	122.2	0.00	14.7	59.1	101	15.562	0.0	250.0	107.30	1723.7	0.00	0.000	-0.27
158.00	18586	0	18540	0	122.6	0.00	14.7	59.1	101	15.548	0.0	250.0	107.20	1723.7	0.00	0.000	-0.27
159.00	18624	0	18426	15	123.2	0.00	14.7	59.1	101	15.563	0.0	250.0	107.30	1723.7	0.00	0.000	-0.27
160.00	18700	0	18586	0	124.4	0.00	14.7	59.1	101	15.557	0.0	250.0	107.26	1723.7	0.00	0.000	-0.27
161.00	18685	0	18777	8	124.9	0.00	14.7	59.1	101	15.562	0.0	250.0	107.29	1723.7	0.00	0.000	-0.27
162.00	18761	0	18647	0	125.1	0.00	14.7	59.1	101	15.542	0.0	250.0	107.16	1723.7	0.00	0.000	-0.27
163.00	18784	0	18563	0	125.7	0.00	14.7	59.1	101	15.594	0.0	250.0	107.51	1723.7	0.00	0.000	-0.27
164.00	19028	0	18731	8	126.0	0.00	14.7	59.1	101	15.589	0.0	250.0	107.48	1723.7	0.00	0.000	-0.27
165.00	19944	0	19852	15	126.1	0.00	14.7	59.1	101	15.605	0.0	250.0	107.59	1723.7	0.00	0.000	-0.27
166.00	21538	0	21676	8	126.2	0.00	14.7	59.1	101	15.532	0.0	250.0	107.09	1723.7	0.00	0.000	-0.27
167.00	22568	0	23652	0	126.3	0.00	14.7	59.1	101	15.550	0.0	250.0	107.21	1723.7	0.00	0.000	-0.27
168.00	22599	0	24491	0	126.6	0.00	14.7	59.1	101	15.580	0.0	250.0	107.42	1723.7	0.00	0.000	-0.27
169.00	22088	0	24491	0	126.7	0.00	14.7	59.1	101	15.565	0.0	250.0	107.32	1723.7	0.00	0.000	-0.27
170.00	21310	0	23629	15	126.8	0.00	14.7	59.1	101	15.551	0.0	250.0	107.22	1723.7	0.00	0.000	-0.27
171.00	20859	0	22553	8	126.8	0.00	14.7	59.1	101	15.549	0.0	250.0	107.21	1723.7	0.00	0.000	-0.27
172.00	20524	0	21928	0	126.9	0.00	14.7	59.1	101	15.556	0.0	250.0	107.25	1723.7	0.00	0.000	-0.27
173.00	20081	0	21020	8	126.8	0.00	14.7	59.1	101	15.548	0.0	250.0	107.20	1723.7	0.00	0.000	-0.27
174.00	19784	0	20875	15	126.7	0.00	14.7	59.1	101	15.571	0.0	250.0	107.36	1723.7	0.00	0.000	-0.27
175.00	19456	0	20165	23	126.5	0.00	14.7	59.1	101	15.560	0.0	250.0	107.29	1723.7	0.00	0.000	-0.27
176.00	19257	0	20112	23	126.4	0.00	14.7	59.1	101	15.536	0.0	250.0	107.12	1723.7	0.00	0.000	-0.27
177.00	18883	0	19768	0	126.1	0.00	14.7	59.1	101	15.587	0.0	250.0	107.47	1723.7	0.00	0.000	-0.27
178.00	18799	0	19250	0	125.5	0.00	14.7	59.1	101	15.561	0.0	250.0	107.29	1723.7	0.00	0.000	-0.27
179.00	18761	0	19227	0	125.4	0.00	14.7	59.1	101	15.547	0.0	250.0	107.20	1723.7	0.00	0.000	-0.27
180.00	18563	0	19044	31	125.3	0.00	14.7	59.1	101	15.568	0.0	250.0	107.34	1723.7	0.00	0.000	-0.27
181.00	18342	0	18853	8	125.1	0.00	14.7	59.1	101	15.543	0.0	250.0	107.16	1723.7	0.00	0.000	-0.27
182.00	18296	0	18754	0	124.8	0.00	14.7	59.1	101	15.571	0.0	250.0	107.36	1723.7	0.00	0.000	-0.27
183.00	18296	0	18571	15	124.7	0.00	14.7	59.1	101	15.542	0.0	250.0	107.16	1723.7	0.00	0.000	-0.27
184.00	17983	0	18418	0	124.3	0.00	14.7	59.1	101	15.557	0.0	250.0	107.26	1723.7	0.00	0.000	-0.27
185.00	18265	0	18334	15	123.8	0.00	14.7	59.1	101	15.557	0.0	250.0	107.26	1723.7	0.00	0.000	-0.27
186.00	18082	0	18075	8	123.4	0.00	14.7	59.1	101	15.581	0.0	250.0	107.42	1723.7	0.00	0.000	-0.27
187.00	18242	0	18075	31	123.4	0.00	14.7	59.1	101	15.552	0.0	250.0	107.23	1723.7	0.00	0.000	-0.27
188.00	18097	0	18075	0	123.2	0.00	14.7	59.1	101	15.555	0.0	250.0	107.25	1723.7	0.00	0.000	-0.27
189.00	18021	0	18006	38	122.9	0.00	14.7	59.1	101	15.555	0.0	250.0	107.25	1723.7	0.00	0.000	-0.27
190.00	18059	0	17830	8	122.6	0.00	14.7	59.1	101	15.500	0.0	250.0	106.87	1723.7	0.00	0.000	-0.27
191.00	17785	0	17899	0	122.4	0.00	14.7	59.1	101	15.611	0.0	250.0	107.63	1723.7	0.00	0.000	-0.27
192.00	17808	0	17785	15	122.2	0.00	14.7	59.1	101	15.541	0.0	250.0	107.15	1723.7	0.00	0.000	-0.27
193.00	17914	0	17777	0	122.0	0.00	14.7	59.1	101	15.506	0.0	250.0	106.91	1723.7	0.00	0.000	-0.27
194.00	17853	0	17869	8	121.7	0.00	14.7	59.0	101	15.500	0.0	250.0	106.87	1723.7	0.00	0.000	-0.27
195.00	17670	0	17716	0	121.6	0.00	14.7	59.1	101	15.548	0.0	250.0	107.20	1723.7	0.00	0.000	-0.27
196.00	17762	0	17739	0	121.4	0.00	14.7	59.1	101	15.551	0.0	250.0	107.22	1723.7	0.00	0.000	-0.27
197.00	17617	0	17808	15	121.2	0.00	14.7	59.1	101	15.574	0.0	250.0	107.38	1723.7	0.00	0.000	-0.27
198.00	17617	0	17678	0	120.9	0.00	14.6	59.1	101	15.564	0.0	250.0	107.31	1723.7	0.00	0.000	-0.27
199.00	17541	0	17510	23	120.3	0.00	14.6	59.0	101	15.567	0.0	250.0	107.33	1723.7	0.00	0.000	-0.27
200.00	17487	0	17647	23	120.2	0.00	14.6	59.0	101	15.589	0.0	250.0	107.48	1723.7	0.00	0.000	-0.27
201.00	17640	0	17624	8	120.1	0.00	14.6	59.0	101	15.570	0.0	250.0	107.35	1723.7	0.00	0.000	-0.27
202.00	17632	0	17518	8	120.2	0.00	14.6	59.0	101	15.550	0.0	250.0	107.21	1723.7	0.00	0.000	-0.27
203.00	17632	0	17518	0	120.3	0.00	14.6	59.0	101	15.537	0.0	250.0	107.13	1723.7	0.00	0.000	-0.27
204.00	17479	0	17594	8	120.9	0.00	14.6	59.0	101	15.536	0.0	250.0	107.12	1723.7	0.00	0.000	-0.27
205.00	17617	0	17541	38	121.4	0.00	14.6	59.0	101	15.547	0.0	250.0	107.19	1723.7	0.00	0.000	-0.27
206.00	17487	0	17487	0	121.7	0.00	14.6	59.0	101	15.529	0.0	250.0	107.07	1723.7	0.00	0.000	-0.27
207.00	17624	0	17487	0	122.8	0.00	14.6	59.0	101	15.551	0.0	250.0	107.22	1723.7	0.00	0.000	-0.27
208.00	17479	0	17464	0	124.1	0.00	14.6	59.0	101	15.554	0.0	250.0	107.24	1723.7	0.00	0.000	-0.27
209.00	17418	0	17472	0	124.8	0.00	14.6	59.0	101	15.554	0.0	250.0	107.24	1723.7	0.00	0.000	-0.27
210.00	17418	0	17403	0	125.2	0.00	14.6	59.0	101	15.547	0.0	250.0	107.19	1723.7	0.00	0.000	-0.27
211.00	17426	0	17373	23	126.5	0.00	14.6	59.0	101	15.553	0.0	250.0	107.23	1723.7	0.00	0.000	-0.27
212.00	17418	0	17479	0	127.5	0.00	14.6	59.0	101	15.550	0.0	250.0	107.21	1723.7	0.00	0.000	-0.27
213.00	17533	0	17502	8	127.6	0.00	14.6	59.0	101	15.552	0.0	250.0	107.22	1723.7	0.00	0.000	-0.27
214.00	17403	0	17487	0	128.1	0.00	14.6	59.0	101	15.546	0.0	250.0	107.19	1723.7	0.00	0.000	-0.27
215.00	17289	0	17396	8	129.0	0.00	14.6	59.0	101	15.552	0.0	250.0	107.23	1723.7	0.00	0.000	-0.27
216.00	17441	0	17441	0	129.2	0.00	14.6	59.0	101	15.547	0.0	250.0	107.19	1723.7	0.00	0.000	-0.27
217.00	17228	0	17472	8	129.2	0.00	14.6	59.0	101	15.553	0.0	250.0	107.23	1723.7	0.00	0.000	-0.27
218.00	17411	0	17510	0	129.3	0.00	14.6	59.0	101	15.552	0.0	250.0	107.23	1723.7	0.00	0.000	-0.27
219.00	17541	0	17357	8	129.3	0.00	14.6	59.0	101	15.554	0.0	250.0	107.24	1723.7	0.00	0.000	-0.27
220.00	17426	0	17457	8	129.2	0.00	14.6	59.0	101	15.554	0.0	250.0	107.24	1723.7	0.00	0.000	-0.27
221.00	17235	0	17380	15	129.1	0.00	14.6	59.0	101	15.560	0.0	250.0	107.28	1723.7	0.00	0.000	-0.27
222.00	17281	0	17457	15	129.1	0.00	14.6	59.0	101	15.558	0.0	250.0	107.27	1723.7	0.00	0.000	-0.27
223.00	17289	0	17258	15	128.9	0.00	14.6	59.0	101	15.549	0.0	250.0	107.21	1723.7	0.00	0.000	-0.27
224.00	17411	0	17380	8	128.6	0.00	14.6	59.0	101	15.554	0.0	250.0	107.24	1723.7	0.00	0.000	-0.27
225.00	17441	0	17396	31	128.3	0.00	14.6	59.0	101	15.539	0.0	250.0	107.13	1723.7	0.00	0.000	-0.27
226.00	17449	0	17449	23	127.8	0.00	14.6	59.0	101	15.549	0.0	250.0	107.20	1723.7	0.00	0.000	-0.27
227.00	17411	0	17296	23	127.6	0.00	14.6	59.0	101	15.548	0.0	250.0	107.20	1723.7	0.00	0.000	-0.27
228.00	17319	0	17312	0	127.5	0.00	14.6	59.0	101	15.557	0.0	250.0	107.26	1723.7	0.00	0.000	-0.27
229.00	17350	0	17357	8	127.2	0.00	14.6	59.0	101	15.547	0.0	250.0	107.19	1723.7	0.00	0.000	-0.27
230.00	17502	0	17350	0	126.5	0.00	14.6	59.0	101	15.548	0.0	250.0	107.20	1723.7	0.00	0.000	-0.27
231.00	17502	0	17426	31	126.1	0.00	14.6	59.0	101	15.544	0.0	250.0	107.17	1723.7	0.00	0.000	-0.27
232.00	17472	0	17388	23	126.1	0.00	14.6	59.0	101	15.542	0.0	250.0	107.16	1723.7	0.00	0.000	-0.27
233.00	17479	0	17190	0	125.4	0.00	14.6	59.0	101	15.563	0.0	250.0	107.31	1723.7	0.00	0.000	-0.27
234.00	17502	0	17273	8	125.1	0.00	14.6	59.0	101	15.531	0.0	250.0	107.09	1723.7	0.00	0.000	-0.27
235.00	17602	0	17319	8	124.9	0.00	14.6	59.0	101	15.574	0.0	250.0	107.38	1723.7	0.00	0.000	-0.27
236.00	17518	0	17106	23	124.8	0.00	14.6	59.0	101	15.525	0.0	250.0	107.04	1723.7	0.00	0.000	-0.27
237.00	17617	0	17357	23	124.4	0.00	14.6	59.0	101	15.561	0.0	250.0	107.29	1723.7	0.00	0.000	-0.27
238.00	17640	0	17403	0	123.7	0.00	14.6	59.0	101	15.558	0.0	250.0	107.27	1723.7	0.00	0.000	-0.27
239.00	17571	0	17190	8	123.5	0.00	14.6	59.0	101	15.554	0.0	250.0	107.24	1723.7	0.00	0.000	-0.27
240.00	17739	0	17335	15	123.3	0.00	14.6	59.0	101	15.554	0.0	250.0	107.24	1723.7	0.00	0.000	-0.27
241.00	17808	0	17319	8	122.9	0.00	14.6	59.0	101	15.551	0.0	250.0	107.22	1723.7	0.00	0.000	-0.27
242.00	17876	0	17388	15	122.2	0.00	14.6	59.0	101	15.542	0.0	250.0	107.16	1723.7	0.00	0.000	-0.27
243.00	17876	0	17365	8	121.9	0.00	14.6	59.0	101	15.558	0.0	250.0	107.27	1723.7	0.00	0.000	-0.27
244.00	18120	0	17388	15	121.8	0.00	14.6	59.0	101	15.549	0.0	250.0	107.20	1723.7	0.00	0.000	-0.27
245.00	18067	0	17388	23	121.4	0.00	14.6	59.0	101	15.546	0.0	250.0	107.19	1723.7	0.00	0.000	-0.27
246.00	17983	0	17319	8	120.8	0.00	14.6	59.0	101	15.548	0.0	250.0	107.20	1723.7	0.00	0.000	-0.27
247.00	18044	0	17304	0	120.6	0.00	14.6	59.0	101	15.553	0.0	250.0	107.23	1723.7	0.00	0.000	-0.27
248.00	18731	0	17327	8	120.6	0.00	14.6	59.0	101	15.546	0.0	250.0	107.19	1723.7	0.00	0.000	-0.27
249.00	36569	0	17403	23	120.5	0.00	14.6	58.9	101	15.553	0.0	250.0	107.24	1723.7	0.00	0.000	-0.27
250.00	62136	0	17701	0	120.4	0.00	14.6	59.0	101	15.553	0.0	250.0	107.23	1723.7	0.00	0.000	-0.27
251.00	73069	0	18235	38	120.6	0.00	14.6	58.9	101	15.546	0.0	250.0	107.18	1723.7	0.00	0.000	-0.27
252.00	78944	0	18097	15	121.2	0.00	14.6	58.9	101	15.561	0.0	250.0	107.29	1723.7	0.00	0.000	-0.27
253.00	82278	0	18159	0	122.0	0.00	14.6	58.9	101	15.564	0.0	250.0	107.31	1723.7	0.00	0.000	-0.27
254.00	80332	0	18212	0	122.5	0.00	14.6	58.9	101	15.547	0.0	250.0	107.19	1723.7	0.00	0.000	-0.27
255.00	59244	0	18075	8	123.3	0.00	14.6	58.9	101	15.557	0.0	250.0	107.26	1723.7	0.00	0.000	-0.27
256.00	37461	0	17891	0	124.9	0.00	14.6	58.9	101	15.560	0.0	250.0	107.28	1723.7	0.00	0.000	-0.27
257.00	28367	0	17602	15	126.3	0.00	14.6	58.9	101	15.554	0.0	250.0	107.24	1723.7	0.00	0.000	-0.27
258.00	24369	0	17602	15	127.6	0.00	14.6	58.9	101	15.558	0.0	250.0	107.27	1723.7	0.00	0.000	-0.27
259.00	22370	0	17335	15	128.0	0.00	14.6	59.0	101	15.552	0.0	250.0	107.22	1723.7	0.00	0.000	-0.27
260.00	21058	0	17342	0	128.4	0.00	14.6	58.9	101	15.549	0.0	250.0	107.20	1723.7	0.00	0.000	-0.27
261.00	20348	0	17273	8	129.6	0.00	14.6	58.9	101	15.548	0.0	250.0	107.20	1723.7	0.00	0.000	-0.27
262.00	19761	0	17380	15	130.2	0.00	14.6	58.9	101	15.543	0.0	250.0	107.17	1723.7	0.00	0.000	-0.27
263.00	19440	0	17312	15	130.5	0.00	14.6	58.9	101	15.550	0.0	250.0	107.21	1723.7	0.00	0.000	-0.27
264.00	19051	0	17319	0	130.7	0.00	14.6	58.9	101	15.546	0.0	250.0	107.19	1723.7	0.00	0.000	-0.27
265.00	18769	0	17319	23	130.8	0.00	14.6	58.9	101	15.557	0.0	250.0	107.26	1723.7	0.00	0.000	-0.27
266.00	18525	0	17327	15	130.9	0.00	14.6	58.9	101	15.547	0.0	250.0	107.19	1723.7	0.00	0.000	-0.27
267.00	18410	0	17220	0	130.8	0.00	14.6	58.9	101	15.555	0.0	250.0	107.25	1723.7	0.00	0.000	-0.27
268.00	18235	0	17319	23	130.7	0.00	14.6	58.9	101	15.554	0.0	250.0	107.24	1723.7	0.00	0.000	-0.27
269.00	18227	0	17289	23	130.5	0.00	14.6	58.9	101	15.553	0.0	250.0	107.24	1723.7	0.00	0.000	-0.27
270.00	18281	0	17327	0	130.4	0.00	14.6	58.9	101	15.561	0.0	250.0	107.29	1723.7	0.00	0.000	-0.27
271.00	18014	0	17304	38	130.0	0.00	14.6	58.9	101	15.553	0.0	250.0	107.24	1723.7	0.00	0.000	-0.27
272.00	17983	0	17281	0	129.8	0.00	14.6	58.9	101	15.556	0.0	250.0	107.25	1723.7	0.00	0.000	-0.27
273.00	17968	0	17296	0	129.6	0.00	14.6	58.9	101	15.549	0.0	250.0	107.21	1723.7	0.00	0.000	-0.27
274.00	17930	0	17190	0	129.2	0.00	14.6	58.9	101	15.555	0.0	250.0	107.25	1723.7	0.00	0.000	-0.27
275.00	17869	0	17426	0	128.6	0.00	14.6	58.9	101	15.554	0.0	250.0	107.24	1723.7	0.00	0.000	-0.27
276.00	17914	0	17121	15	128.4	0.00	14.6	58.9	101	15.553	0.0	250.0	107.24	1723.7	0.00	0.000	-0.27
277.00	17937	0	17380	0	128.2	0.00	14.6	58.9	101	15.552	0.0	250.0	107.23	1723.7	0.00	0.000	-0.27
278.00	17777	0	17342	15	127.9	0.00	14.6	58.9	101	15.559	0.0	250.0	107.27	1723.7	0.00	0.000	-0.27
279.00	17716	0	17220	0	127.3	0.00	14.6	58.8	101	15.554	0.0	250.0	107.24	1723.7	0.00	0.000	-0.27
280.00	17762	0	17182	0	127.1	0.00	14.6	58.8	101	15.555	0.0	250.0	107.25	1723.7	0.00	0.000	-0.27
281.00	17739	0	17335	8	126.7	0.00	14.6	58.8	101	15.546	0.0	250.0	107.19	1723.7	0.00	0.000	-0.27
282.00	17602	0	17228	0	126.0	0.00	14.6	58.8	101	15.552	0.0	250.0	107.23	1723.7	0.00	0.000	-0.27
283.00	17762	0	17266	53	125.5	0.00	14.6	58.8	101	15.551	0.0	250.0	107.22	1723.7	0.00	0.000	-0.27
284.00	17670	0	17327	8	125.4	0.00	14.6	58.8	101	15.552	0.0	250.0	107.23	1723.7	0.00	0.000	-0.27
285.00	17586	0	17296	0	125.1	0.00	14.6	58.8	101	15.552	0.0	250.0	107.22	1723.7	0.00	0.000	-0.27
286.00	17632	0	17319	23	124.2	0.00	14.6	58.8	101	15.550	0.0	250.0	107.21	1723.7	0.00	0.000	-0.27
287.00	17472	0	17365	15	124.1	0.00	14.6	58.8	101	15.552	0.0	250.0	107.22	1723.7	0.00	0.000	-0.27
288.00	17602	0	17258	8	123.9	0.00	14.6	58.8	101	15.554	0.0	250.0	107.24	1723.7	0.00	0.000	-0.27
289.00	17533	0	17296	0	123.3	0.00	14.6	58.8	101	15.553	0.0	250.0	107.23	1723.7	0.00	0.000	-0.27
290.00	17571	0	17258	0	122.9	0.00	14.6	58.8	101	15.549	0.0	250.0	107.21	1723.7	0.00	0.000	-0.27
291.00	17479	0	17327	0	122.8	0.00	14.6	58.8	101	15.558	0.0	250.0	107.27	1723.7	0.00	0.000	-0.27
292.00	17556	0	17342	0	120.5	0.00	14.6	58.8	101	15.552	0.0	250.0	107.23	1723.7	0.00	0.000	-0.27
293.00	17556	0	17190	23	118.1	0.00	14.6	58.8	101	15.551	0.0	250.0	107.22	1723.7	0.00	0.000	-0.27
294.00	17510	0	17281	0	118.0	0.00	14.6	58.8	101	15.549	0.0	250.0	107.20	1723.7	0.00	0.000	-0.27
295.00	17357	0	17190	23	118.1	0.00	14.7	58.8	101	15.549	0.0	250.0	107.20	1723.7	0.00	0.000	-0.27
296.00	17487	0	17289	15	118.2	0.00	14.7	58.8	101	15.553	0.0	250.0	107.23	1723.7	0.00	0.000	-0.27
297.00	17281	0	17273	0	118.6	0.00	14.7	58.8	101	15.554	0.0	250.0	107.24	1723.7	0.00	0.000	-0.27
298.00	17464	0	17212	8	119.3	0.00	14.7	58.8	101	15.556	0.0	250.0	107.26	1723.7	0.00	0.000	-0.27
299.00	17411	0	17258	8	119.8	0.00	14.7	58.7	101	15.557	0.0	250.0	107.26	1723.7	0.00	0.000	-0.27
300.00	17335	0	17296	0	120.1	0.00	14.7	58.8	101	15.541	0.0	250.0	107.15	1723.7	0.00	0.000	-0.27
301.00	17357	0	17205	0	120.7	0.00	14.7	58.8	101	15.556	0.0	250.0	107.25	1723.7	0.00	0.000	-0.27
302.00	17235	0	17251	8	121.0	0.00	14.7	58.7	101	15.562	0.0	250.0	107.30	1723.7	0.00	0.000	-0.27
303.00	17342	0	17289	8	121.3	0.00	14.7	58.7	101	15.553	0.0	250.0	107.23	1723.7	0.00	0.000	-0.27
304.00	17403	0	17312	8	122.3	0.00	14.7	58.7	101	15.555	0.0	250.0	107.25	1723.7	0.00	0.000	-0.27
305.00	17403	0	17319	23	122.7	0.00	14.7	58.7	101	15.550	0.0	250.0	107.22	1723.7	0.00	0.000	-0.27
306.00	17312	0	17289	31	122.9	0.00	14.7	58.7	101	15.547	0.0	250.0	107.19	1723.7	0.00	0.000	-0.27
307.00	17243	0	17281	8	123.4	0.00	14.7	58.8	101	15.554	0.0	250.0	107.24	1723.7	0.00	0.000	-0.27
308.00	17258	0	17228	31	124.0	0.00	14.7	58.7	101	15.553	0.0	250.0	107.24	1723.7	0.00	0.000	-0.27
309.00	17159	0	17296	0	124.5	0.00	14.7	58.7	101	15.549	0.0	250.0	107.21	1723.7	0.00	0.000	-0.27
310.00	17258	0	17251	0	124.9	0.00	14.7	58.7	101	15.547	0.0	250.0	107.19	1723.7	0.00	0.000	-0.27
311.00	17197	0	17319	31	125.5	0.00	14.7	58.7	101	15.548	0.0	250.0	107.20	1723.7	0.00	0.000	-0.27
312.00	17129	0	17327	8	127.1	0.00	14.7	58.7	101	15.556	0.0	250.0	107.26	1723.7	0.00	0.000	-0.27
313.00	17106	0	17327	23	127.9	0.00	14.7	58.7	101	15.553	0.0	250.0	107.23	1723.7	0.00	0.000	-0.27
314.00	17197	0	17182	8	128.5	0.00	14.7	58.7	101	15.559	0.0	250.0	107.28	1723.7	0.00	0.000	-0.27
315.00	17075	0	17220	0	129.2	0.00	14.7	58.6	101	15.560	0.0	250.0	107.29	1723.7	0.00	0.000	-0.27
316.00	17151	0	17212	8	129.5	0.00	14.7	58.3	101	15.552	0.0	250.0	107.23	1723.7	0.00	0.000	-0.27
317.00	17106	0	17251	8	129.4	0.00	14.7	59.3	101	15.551	0.0	250.0	107.22	1723.7	0.00	0.000	-0.27
318.00	17220	0	17182	0	129.5	0.00	14.7	59.3	102	15.556	0.0	250.0	107.26	1723.7	0.00	0.000	-0.27
319.00	17151	0	17273	0	130.0	0.00	14.7	59.1	102	15.550	0.0	250.0	107.21	1723.7	0.00	0.000	-0.27
320.00	17266	0	17197	8	131.9	0.00	14.7	59.1	102	15.553	0.0	250.0	107.23	1723.7	0.00	0.000	-0.27
321.00	17144	0	17190	0	134.7	0.00	14.7	59.1	102	15.555	0.0	250.0	107.25	1723.7	0.00	0.000	-0.27
322.00	17167	0	17212	38	136.1	0.00	14.8	59.1	102	15.547	0.0	250.0	107.19	1723.7	0.00	0.000	-0.27
323.00	17075	0	17266	0	137.0	0.00	14.8	59.1	102	15.555	0.0	250.0	107.25	1723.7	0.00	0.000	-0.27
324.00	17045	0	17151	8	137.5	0.00	14.8	59.2	102	15.560	0.0	250.0	107.29	1723.7	0.00	0.000	-0.27
325.00	17182	0	17212	0	137.6	0.00	14.8	59.2	102	15.543	0.0	250.0	107.17	1723.7	0.00	0.000	-0.27
326.00	17113	0	17144	15	137.7	0.00	14.8	59.2	102	15.552	0.0	250.0	107.23	1723.7	0.00	0.000	-0.27
327.00	17174	0	17243	0	137.7	0.00	14.8	59.2	102	15.547	0.0	250.0	107.19	1723.7	0.00	0.000	-0.27
328.00	17075	0	17228	8	137.5	0.00	14.8	59.2	102	15.546	0.0	250.0	107.18	1723.7	0.00	0.000	-0.27
329.00	17090	0	17182	23	137.3	0.00	14.8	59.2	102	15.559	0.0	250.0	107.27	1723.7	0.00	0.000	-0.27
330.00	16961	0	17151	8	136.8	0.00	14.8	59.2	102	15.555	0.0	250.0	107.25	1723.7	0.00	0.000	-0.27
331.00	17113	0	17182	0	136.2	0.00	14.8	59.2	102	15.557	0.0	250.0	107.26	1723.7	0.00	0.000	-0.27
332.00	17029	0	17159	0	135.9	0.00	14.8	59.3	102	15.551	0.0	250.0	107.22	1723.7	0.00	0.000	-0.27
333.00	16999	0	17220	23	135.3	0.00	14.8	59.3	102	15.559	0.0	250.0	107.28	1723.7	0.00	0.000	-0.27
334.00	17136	0	17212	8	134.5	0.00	14.8	59.3	102	15.556	0.0	250.0	107.26	1723.7	0.00	0.000	-0.27
335.00	17144	0	17273	8	133.9	0.00	14.8	59.3	102	15.559	0.0	250.0	107.27	1723.7	0.00	0.000	-0.27
336.00	17006	0	17266	8	133.7	0.00	14.8	59.3	102	15.555	0.0	250.0	107.25	1723.7	0.00	0.000	-0.27
337.00	17182	0	17228	0	133.4	0.00	14.8	59.3	102	15.552	0.0	250.0	107.23	1723.7	0.00	0.000	-0.27
338.00	17113	0	17266	8	133.0	0.00	14.8	59.3	102	15.554	0.0	250.0	107.24	1723.7	0.00	0.000	-0.27
339.00	17304	0	17243	23	132.5	0.00	14.8	59.3	102	15.552	0.0	250.0	107.23	1723.7	0.00	0.000	-0.27
340.00	17273	0	17220	8	132.1	0.00	14.8	59.3	102	15.557	0.0	250.0	107.27	1723.7	0.00	0.000	-0.27
341.00	17197	0	17220	23	131.2	0.00	14.8	59.3	102	15.553	0.0	250.0	107.23	1723.7	0.00	0.000	-0.27
342.00	17235	0	17212	15	130.6	0.00	14.8	59.3	102	15.549	0.0	250.0	107.21	1723.7	0.00	0.000	-0.27
343.00	17113	0	17174	0	130.3	0.00	14.8	59.3	102	15.553	0.0	250.0	107.23	1723.7	0.00	0.000	-0.27
344.00	17182	0	17197	15	129.9	0.00	14.8	59.3	102	15.556	0.0	250.0	107.25	1723.7	0.00	0.000	-0.27
345.00	17121	0	17266	15	129.3	0.00	14.8	59.3	102	15.557	0.0	250.0	107.26	1723.7	0.00	0.000	-0.27
346.00	17113	0	17205	8	128.7	0.00	14.8	59.3	102	15.556	0.0	250.0	107.26	1723.7	0.00	0.000	-0.27
347.00	17014	0	17167	8	128.5	0.00	14.8	59.3	102	15.556	0.0	250.0	107.25	1723.7	0.00	0.000	-0.27
348.00	17159	0	17212	8	128.2	0.00	14.8	59.3	102	15.556	0.0	250.0	107.26	1723.7	0.00	0.000	-0.27
349.00	17312	0	17136	15	127.4	0.00	14.8	59.3	102	15.558	0.0	250.0	107.27	1723.7	0.00	0.000	-0.27
350.00	17396	0	17167	0	127.2	0.00	14.8	59.3	102	15.546	0.0	250.0	107.19	1723.7	0.00	0.000	-0.27
