Time (sec)	Detector 1 (uV)	Detector 2 (uV)	Detector 3 (uV)	Detector 4 (uV)	Temperature (deg C)	EC (mS/m)	MIP Pressure (psi)	MIP Flow (mL/min)	MIP Pressure (kPa)	HPT Press. (psi)	HPT Flow (mL/min)	HPT Line Press. (psi)	HPT Press. (kPa)	HPT Line Press. (kPa)	Depth (ft)	Depth (m)	HPT Screen Depth (ft)
233.00	16587	0	16640	8	128.7	0.00	14.1	59.9	97	15.583	0.0	250.0	107.44	1723.7	0.00	0.000	-0.27
234.00	16625	0	16663	8	127.9	0.00	14.1	60.0	97	15.557	0.0	250.0	107.26	1723.7	0.00	0.000	-0.27
235.00	16678	0	16640	0	126.8	0.00	14.1	60.1	97	15.559	0.0	250.0	107.27	1723.7	0.00	0.000	-0.27
236.00	16610	0	16648	0	126.3	0.00	14.1	60.1	97	15.531	0.0	250.0	107.09	1723.7	0.00	0.000	-0.27
237.00	16762	0	16671	8	125.8	0.00	14.1	60.2	97	15.549	0.0	250.0	107.20	1723.7	0.00	0.000	-0.27
238.00	16755	0	16648	8	125.0	0.00	14.1	60.2	97	15.548	0.0	250.0	107.20	1723.7	0.00	0.000	-0.27
239.00	16816	0	16701	0	123.8	0.00	14.1	60.2	97	15.568	0.0	250.0	107.34	1723.7	0.00	0.000	-0.27
240.00	16617	0	16617	15	123.5	0.00	14.1	60.2	97	15.562	0.0	250.0	107.30	1723.7	0.00	0.000	-0.27
241.00	16823	0	16625	23	123.2	0.00	14.1	60.2	97	15.544	0.0	250.0	107.17	1723.7	0.00	0.000	-0.27
242.00	16694	0	16625	15	122.1	0.00	14.0	60.2	97	15.549	0.0	250.0	107.20	1723.7	0.00	0.000	-0.27
243.00	16778	0	16579	31	117.0	0.00	14.0	60.2	97	15.550	0.0	250.0	107.21	1723.7	0.00	0.000	-0.27
244.00	16686	0	16617	0	115.6	0.00	14.0	60.3	97	15.547	0.0	250.0	107.19	1723.7	0.00	0.000	-0.27
245.00	16671	0	16694	8	115.6	0.00	14.0	60.3	97	15.555	0.0	250.0	107.25	1723.7	0.00	0.000	-0.27
246.00	16717	0	16671	8	115.6	0.00	14.0	60.3	97	15.556	0.0	250.0	107.25	1723.7	0.00	0.000	-0.27
247.00	16762	0	16610	0	115.7	0.00	14.0	60.3	97	15.547	0.0	250.0	107.19	1723.7	0.00	0.000	-0.27
248.00	16816	0	16572	31	115.8	0.00	14.0	60.3	97	15.545	0.0	250.0	107.18	1723.7	0.00	0.000	-0.27
249.00	16816	0	16724	8	116.1	0.00	14.0	60.3	97	15.544	0.0	250.0	107.17	1723.7	0.00	0.000	-0.27
250.00	16846	0	16526	15	116.3	0.00	14.0	60.3	97	15.549	0.0	250.0	107.20	1723.7	0.00	0.000	-0.27
251.00	16778	0	16602	8	116.5	0.00	14.0	60.3	97	15.548	0.0	250.0	107.20	1723.7	0.00	0.000	-0.27
252.00	16823	0	16511	15	116.6	0.00	14.0	60.3	97	15.541	0.0	250.0	107.15	1723.7	0.00	0.000	-0.27
253.00	16961	0	16518	15	116.7	0.00	14.0	60.3	97	15.550	0.0	250.0	107.21	1723.7	0.00	0.000	-0.27
254.00	16846	0	16678	0	116.8	0.00	14.0	60.3	97	15.541	0.0	250.0	107.15	1723.7	0.00	0.000	-0.27
255.00	16884	0	16579	15	117.0	0.00	14.0	60.2	96	15.552	0.0	250.0	107.23	1723.7	0.00	0.000	-0.27
256.00	16823	0	16640	23	117.1	0.00	14.0	60.3	96	15.543	0.0	250.0	107.17	1723.7	0.00	0.000	-0.27
257.00	16762	0	16602	8	117.2	0.00	14.0	60.2	96	15.552	0.0	250.0	107.22	1723.7	0.00	0.000	-0.27
258.00	16816	0	16701	0	117.2	0.00	14.0	60.2	96	15.554	0.0	250.0	107.24	1723.7	0.00	0.000	-0.27
259.00	16991	0	16671	0	117.2	0.00	14.0	60.2	96	15.554	0.0	250.0	107.24	1723.7	0.00	0.000	-0.27
260.00	16717	0	16602	8	117.2	0.00	14.3	31.1	98	15.548	0.0	250.0	107.20	1723.7	0.00	0.000	-0.27
261.00	16663	0	16610	0	117.4	0.00	15.4	18.7	106	15.554	0.0	250.0	107.24	1723.7	0.00	0.000	-0.27
262.00	16839	0	16633	0	117.9	0.00	16.6	18.6	115	15.549	0.0	250.0	107.20	1723.7	0.00	0.000	-0.27
263.00	16633	0	16617	23	117.9	0.00	17.8	18.6	123	15.556	0.0	250.0	107.25	1723.7	0.00	0.000	-0.27
264.00	16770	0	16579	23	118.0	0.00	19.0	18.6	131	15.551	0.0	250.0	107.22	1723.7	0.00	0.000	-0.27
265.00	16854	0	16541	8	118.1	0.00	20.2	18.6	139	15.548	0.0	250.0	107.20	1723.7	0.00	0.000	-0.27
266.00	16816	0	16762	8	118.2	0.00	21.4	18.4	147	15.547	0.0	250.0	107.20	1723.7	0.00	0.000	-0.27
267.00	16755	0	16556	23	118.6	0.00	22.5	16.2	155	15.566	0.0	250.0	107.33	1723.7	0.00	0.000	-0.27
268.00	16839	0	16587	15	119.6	0.00	23.3	7.1	161	15.538	0.0	250.0	107.13	1723.7	0.00	0.000	-0.27
269.00	16739	0	16640	15	120.9	0.00	23.7	4.7	163	15.547	0.0	250.0	107.19	1723.7	0.00	0.000	-0.27
270.00	16854	0	16610	8	121.3	0.00	24.3	11.5	167	15.553	0.0	250.0	107.23	1723.7	0.00	0.000	-0.27
271.00	16648	0	16617	0	122.0	0.00	25.0	9.6	173	15.524	0.0	250.0	107.03	1723.7	0.00	0.000	-0.27
272.00	16808	0	16602	0	124.4	0.00	25.6	7.3	177	15.548	0.0	250.0	107.20	1723.7	0.00	0.000	-0.27
273.00	16732	0	16617	0	126.4	0.00	26.1	4.9	180	15.552	0.0	250.0	107.23	1723.7	0.00	0.000	-0.27
274.00	16739	0	16587	15	127.8	0.00	26.4	2.9	182	15.550	0.0	250.0	107.22	1723.7	0.00	0.000	-0.27
275.00	16800	0	16655	8	128.9	0.00	26.6	1.4	183	15.544	0.0	250.0	107.17	1723.7	0.00	0.000	-0.27
276.00	16625	0	16503	8	129.3	0.00	26.7	0.5	184	15.541	0.0	250.0	107.15	1723.7	0.00	0.000	-0.27
277.00	16762	0	16633	8	130.0	0.00	26.7	0.0	184	15.548	0.0	250.0	107.20	1723.7	0.00	0.000	-0.27
278.00	16717	0	16587	0	132.3	0.00	26.8	0.0	185	15.549	0.0	250.0	107.21	1723.7	0.00	0.000	-0.27
279.00	16671	0	16625	0	136.8	0.00	26.8	0.0	185	15.541	0.0	250.0	107.15	1723.7	0.00	0.000	-0.27
280.00	16861	0	16511	15	140.2	0.00	26.8	0.0	185	15.549	0.0	250.0	107.20	1723.7	0.00	0.000	-0.27
281.00	16717	0	16587	8	141.4	0.00	26.9	0.0	185	15.559	0.0	250.0	107.28	1723.7	0.00	0.000	-0.27
282.00	16785	0	16556	15	141.5	0.00	26.9	0.0	185	15.546	0.0	250.0	107.19	1723.7	0.00	0.000	-0.27
283.00	16686	0	16511	8	141.5	0.00	26.9	0.0	185	15.550	0.0	250.0	107.21	1723.7	0.00	0.000	-0.27
284.00	16724	0	16549	23	141.4	0.00	26.9	0.0	185	15.547	0.0	250.0	107.19	1723.7	0.00	0.000	-0.27
285.00	16785	0	16579	8	140.8	0.00	26.9	0.0	185	15.545	0.0	250.0	107.18	1723.7	0.00	0.000	-0.27
286.00	16854	0	16587	0	139.9	0.00	26.9	0.0	186	15.545	0.0	250.0	107.18	1723.7	0.00	0.000	-0.27
287.00	16686	0	16694	15	139.5	0.00	26.9	0.0	186	15.543	0.0	250.0	107.17	1723.7	0.00	0.000	-0.27
288.00	16755	0	16617	23	138.3	0.00	26.9	0.0	186	15.543	0.0	250.0	107.17	1723.7	0.00	0.000	-0.27
289.00	16655	0	16602	8	137.0	0.00	26.9	0.0	186	15.546	0.0	250.0	107.19	1723.7	0.00	0.000	-0.27
290.00	16770	0	16579	8	136.5	0.00	26.9	0.0	186	15.550	0.0	250.0	107.22	1723.7	0.00	0.000	-0.27
291.00	16610	0	16617	0	135.7	0.00	26.9	0.0	186	15.550	0.0	250.0	107.21	1723.7	0.00	0.000	-0.27
292.00	16671	0	16640	8	133.7	0.00	26.9	0.0	186	15.541	0.0	250.0	107.15	1723.7	0.00	0.000	-0.27
293.00	16724	0	16549	15	132.4	0.00	26.9	0.0	186	15.549	0.0	250.0	107.21	1723.7	0.00	0.000	-0.27
294.00	16839	0	16541	23	131.3	0.00	26.9	0.0	186	15.546	0.0	250.0	107.19	1723.7	0.00	0.000	-0.27
295.00	16785	0	16663	15	130.3	0.00	26.9	0.0	186	15.553	0.0	250.0	107.23	1723.7	0.00	0.000	-0.27
296.00	16770	0	16549	0	129.1	0.00	26.9	0.0	186	15.545	0.0	250.0	107.18	1723.7	0.00	0.000	-0.27
297.00	16816	0	16709	8	128.0	0.00	26.9	0.0	186	15.547	0.0	250.0	107.20	1723.7	0.00	0.000	-0.27
298.00	16694	0	16572	8	127.0	0.00	26.9	0.0	186	15.543	0.0	250.0	107.17	1723.7	0.00	0.000	-0.27
299.00	16678	0	16648	15	125.6	0.00	26.9	0.0	186	15.548	0.0	250.0	107.20	1723.7	0.00	0.000	-0.27
300.00	16663	0	16564	23	124.0	0.00	26.9	0.0	186	15.549	0.0	250.0	107.21	1723.7	0.00	0.000	-0.27
301.00	16755	0	16648	23	123.2	0.00	26.9	0.0	186	15.551	0.0	250.0	107.22	1723.7	0.00	0.000	-0.27
302.00	16640	0	16625	8	122.5	0.00	26.9	0.0	186	15.551	0.0	250.0	107.22	1723.7	0.00	0.000	-0.27
303.00	16747	0	16640	0	120.6	0.00	27.0	0.7	186	15.551	0.0	250.0	107.22	1723.7	0.00	0.000	-0.27
304.00	17075	0	16579	46	116.9	0.00	22.4	130.1	154	15.552	0.0	250.0	107.23	1723.7	0.00	0.000	-0.27
305.00	16770	0	16579	0	115.2	0.00	18.2	130.0	125	15.569	0.0	250.0	107.35	1723.7	0.00	0.000	-0.27
306.00	16861	0	16572	8	115.0	0.00	15.9	112.2	110	15.536	0.0	250.0	107.12	1723.7	0.00	0.000	-0.27
307.00	16846	0	16686	8	115.0	0.00	14.6	91.7	101	15.544	0.0	250.0	107.17	1723.7	0.00	0.000	-0.27
308.00	16861	0	16648	23	115.0	0.00	13.8	80.7	95	15.555	0.0	250.0	107.25	1723.7	0.00	0.000	-0.27
309.00	16823	0	16701	15	115.2	0.00	13.3	74.4	92	15.548	0.0	250.0	107.20	1723.7	0.00	0.000	-0.27
310.00	16816	0	16648	15	115.4	0.00	13.0	70.4	90	15.550	0.0	250.0	107.21	1723.7	0.00	0.000	-0.27
311.00	16907	0	16678	0	115.4	0.00	12.7	67.7	88	15.545	0.0	250.0	107.18	1723.7	0.00	0.000	-0.27
312.00	16877	0	16694	8	115.8	0.00	12.6	65.8	87	15.550	0.0	250.0	107.22	1723.7	0.00	0.000	-0.27
313.00	16755	0	16678	8	116.9	0.00	12.4	64.3	86	15.544	0.0	250.0	107.17	1723.7	0.00	0.000	-0.27
314.00	16747	0	16686	8	118.3	0.00	12.3	63.2	85	15.552	0.0	250.0	107.23	1723.7	0.00	0.000	-0.27
315.00	16770	0	16655	8	118.6	0.00	12.3	62.3	85	15.546	0.0	250.0	107.19	1723.7	0.00	0.000	-0.27
316.00	16747	0	16694	0	119.1	0.00	12.2	61.6	84	15.549	0.0	250.0	107.21	1723.7	0.00	0.000	-0.27
317.00	16602	0	16732	0	120.4	0.00	12.2	61.0	84	15.552	0.0	250.0	107.22	1723.7	0.00	0.000	-0.27
318.00	16663	0	16739	8	121.3	0.00	12.2	60.5	84	15.542	0.0	250.0	107.16	1723.7	0.00	0.000	-0.27
319.00	16892	0	16747	0	121.5	0.00	12.2	60.2	84	15.546	0.0	250.0	107.18	1723.7	0.00	0.000	-0.27
320.00	16709	0	16831	8	121.8	0.00	12.2	59.8	84	15.547	0.0	250.0	107.19	1723.7	0.00	0.000	-0.27
321.00	16762	0	16778	46	122.0	0.00	12.3	59.6	85	15.545	0.0	250.0	107.18	1723.7	0.00	0.000	-0.27
322.00	16717	0	16701	15	122.4	0.00	12.3	59.4	85	15.548	0.0	250.0	107.20	1723.7	0.00	0.000	-0.27
323.00	16747	0	16709	15	125.5	0.00	12.3	59.2	85	15.552	0.0	250.0	107.23	1723.7	0.00	0.000	-0.27
324.00	16755	0	16732	8	130.2	0.00	12.4	59.1	85	15.542	0.0	250.0	107.16	1723.7	0.00	0.000	-0.27
325.00	16671	0	16686	0	132.2	0.00	12.4	59.1	86	15.540	0.0	250.0	107.15	1723.7	0.00	0.000	-0.27
326.00	16755	0	16823	15	133.2	0.00	12.5	59.0	86	15.553	0.0	250.0	107.23	1723.7	0.00	0.000	-0.27
327.00	16762	0	16816	15	133.5	0.00	12.5	59.0	86	15.542	0.0	250.0	107.16	1723.7	0.00	0.000	-0.27
328.00	16778	0	16823	15	133.5	0.00	12.6	58.9	87	15.547	0.0	250.0	107.20	1723.7	0.00	0.000	-0.27
329.00	16694	0	16747	15	133.3	0.00	12.6	58.9	87	15.552	0.0	250.0	107.22	1723.7	0.00	0.000	-0.27
330.00	16663	0	16762	8	132.9	0.00	12.6	58.9	87	15.545	0.0	250.0	107.18	1723.7	0.00	0.000	-0.27
331.00	16640	0	16747	8	132.0	0.00	12.7	58.9	88	15.544	0.0	250.0	107.17	1723.7	0.00	0.000	-0.27
332.00	16541	0	16785	8	131.3	0.00	12.7	59.0	88	15.552	0.0	250.0	107.23	1723.7	0.00	0.000	-0.27
333.00	16823	0	16816	15	130.5	0.00	12.8	59.0	88	15.549	0.0	250.0	107.20	1723.7	0.00	0.000	-0.27
334.00	16663	0	16778	8	129.9	0.00	12.8	59.0	88	15.548	0.0	250.0	107.20	1723.7	0.00	0.000	-0.27
335.00	16732	0	16701	15	129.3	0.00	12.9	59.0	89	15.549	0.0	250.0	107.21	1723.7	0.00	0.000	-0.27
336.00	16938	0	16739	8	128.6	0.00	12.9	59.0	89	15.546	0.0	250.0	107.19	1723.7	0.00	0.000	-0.27
337.00	16816	0	16823	23	127.6	0.00	12.9	59.1	89	15.544	0.0	250.0	107.17	1723.7	0.00	0.000	-0.27
338.00	16793	0	16686	8	127.0	0.00	13.0	59.1	90	15.547	0.0	250.0	107.19	1723.7	0.00	0.000	-0.27
339.00	16923	0	16823	0	126.6	0.00	13.0	59.1	90	15.547	0.0	250.0	107.19	1723.7	0.00	0.000	-0.27
340.00	16648	0	16655	8	125.9	0.00	13.1	59.2	90	15.550	0.0	250.0	107.21	1723.7	0.00	0.000	-0.27
341.00	16770	0	16572	31	124.7	0.00	13.1	59.2	90	15.550	0.0	250.0	107.21	1723.7	0.00	0.000	-0.27
342.00	16709	0	16877	8	124.0	0.00	13.1	59.2	91	15.548	0.0	250.0	107.20	1723.7	0.00	0.000	-0.27
343.00	16800	0	16686	8	123.2	0.00	13.2	59.2	91	15.546	0.0	250.0	107.18	1723.7	0.00	0.000	-0.27
344.00	16633	0	16846	8	122.7	0.00	13.2	59.3	91	15.548	0.0	250.0	107.20	1723.7	0.00	0.000	-0.27
345.00	16625	0	16892	8	122.4	0.00	13.2	59.3	91	15.553	0.0	250.0	107.23	1723.7	0.00	0.000	-0.27
346.00	16633	0	16671	8	121.7	0.00	13.3	59.3	91	15.541	0.0	250.0	107.15	1723.7	0.00	0.000	-0.27
347.00	16663	0	16755	0	120.8	0.00	13.3	59.3	92	15.550	0.0	250.0	107.22	1723.7	0.00	0.000	-0.27
348.00	16778	0	16831	8	120.1	0.00	13.3	59.4	92	15.551	0.0	250.0	107.22	1723.7	0.00	0.000	-0.27
349.00	16778	0	16755	8	119.8	0.00	13.4	59.4	92	15.545	0.0	250.0	107.18	1723.7	0.00	0.000	-0.27
350.00	16793	0	16793	8	119.5	0.00	13.4	59.4	92	15.547	0.0	250.0	107.19	1723.7	0.00	0.000	-0.27
351.00	16739	0	16861	23	119.1	0.00	13.4	59.4	92	15.543	0.0	250.0	107.16	1723.7	0.00	0.000	-0.27
352.00	16778	0	16877	15	119.0	0.00	13.4	59.5	93	15.547	0.0	250.0	107.19	1723.7	0.00	0.000	-0.27
353.00	16831	0	16701	23	119.3	0.00	13.5	59.5	93	15.550	0.0	250.0	107.22	1723.7	0.00	0.000	-0.27
354.00	16762	0	16785	23	120.1	0.00	13.5	59.5	93	15.544	0.0	250.0	107.17	1723.7	0.00	0.000	-0.27
355.00	16655	0	16823	15	120.6	0.00	13.5	59.5	93	15.552	0.0	250.0	107.23	1723.7	0.00	0.000	-0.27
356.00	16572	0	16694	8	121.4	0.00	13.5	59.5	93	15.554	0.0	250.0	107.24	1723.7	0.00	0.000	-0.27
357.00	16694	0	16717	15	123.5	0.00	13.6	59.5	93	15.549	0.0	250.0	107.21	1723.7	0.00	0.000	-0.27
358.00	16701	0	16701	15	125.3	0.00	13.6	59.5	94	15.546	0.0	250.0	107.18	1723.7	0.00	0.000	-0.27
359.00	16800	0	16778	23	126.7	0.00	13.6	59.6	94	15.549	0.0	250.0	107.21	1723.7	0.00	0.000	-0.27
360.00	16854	0	16747	0	128.1	0.00	13.6	59.6	94	15.554	0.0	250.0	107.24	1723.7	0.00	0.000	-0.27
361.00	16785	0	16686	8	129.4	0.00	13.6	59.6	94	15.547	0.0	250.0	107.20	1723.7	0.00	0.000	-0.27
362.00	16640	0	16732	0	130.8	0.00	13.7	59.6	94	15.545	0.0	250.0	107.18	1723.7	0.00	0.000	-0.27
363.00	16923	0	16640	15	131.6	0.00	13.7	59.6	94	15.544	0.0	250.0	107.17	1723.7	0.00	0.000	-0.27
364.00	16778	0	17113	0	132.4	0.00	13.7	59.7	94	15.547	0.0	250.0	107.19	1723.7	0.00	0.000	-0.27
365.00	16808	0	17098	8	132.6	0.00	13.7	59.7	95	15.548	0.0	250.0	107.20	1723.7	0.00	0.000	-0.27
366.00	16709	0	17174	23	132.8	0.00	13.7	59.6	95	15.549	0.0	250.0	107.21	1723.7	0.00	0.000	-0.27
367.00	16709	0	17243	0	133.3	0.00	13.8	59.6	95	15.545	0.0	250.0	107.18	1723.7	0.00	0.000	-0.27
368.00	16968	0	17319	8	133.3	0.00	13.8	59.5	95	15.549	0.0	250.0	107.20	1723.7	0.00	0.000	-0.27
369.00	17914	0	17563	0	133.2	0.00	13.8	59.4	95	15.547	0.0	250.0	107.19	1723.7	0.00	0.000	-0.27
370.00	22599	0	19585	0	133.1	0.00	13.8	59.3	95	15.546	0.0	250.0	107.19	1723.7	0.00	0.000	-0.27
371.00	30068	0	27131	31	133.0	0.00	13.9	59.3	96	15.547	0.0	250.0	107.19	1723.7	0.00	0.000	-0.27
372.00	31693	0	35730	8	132.6	0.00	13.9	59.2	96	15.546	0.0	250.0	107.19	1723.7	0.00	0.000	-0.27
373.00	28840	0	36447	31	132.2	0.00	13.9	59.2	96	15.548	0.0	250.0	107.20	1723.7	0.00	0.000	-0.27
374.00	25994	0	32090	0	131.9	0.00	13.9	59.2	96	15.547	0.0	250.0	107.19	1723.7	0.00	0.000	-0.27
375.00	23980	0	27482	0	131.6	0.00	14.0	59.2	96	15.543	0.0	250.0	107.16	1723.7	0.00	0.000	-0.27
376.00	22530	0	24453	8	130.8	0.00	14.0	59.1	97	15.546	0.0	250.0	107.19	1723.7	0.00	0.000	-0.27
377.00	21554	0	22889	23	130.5	0.00	14.0	59.2	97	15.547	0.0	250.0	107.20	1723.7	0.00	0.000	-0.27
378.00	20859	0	21958	15	130.2	0.00	14.1	59.2	97	15.544	0.0	250.0	107.17	1723.7	0.00	0.000	-0.27
379.00	20692	0	21447	31	129.3	0.00	14.1	59.2	97	15.547	0.0	250.0	107.19	1723.7	0.00	0.000	-0.27
380.00	20363	0	21241	15	128.8	0.00	14.1	59.2	97	15.548	0.0	250.0	107.20	1723.7	0.00	0.000	-0.27
381.00	20196	0	20890	8	128.4	0.00	14.2	59.2	98	15.542	0.0	250.0	107.16	1723.7	0.00	0.000	-0.27
382.00	20219	0	20814	8	127.8	0.00	14.2	59.2	98	15.547	0.0	250.0	107.19	1723.7	0.00	0.000	-0.27
383.00	20425	0	21020	23	127.4	0.00	14.2	59.2	98	15.545	0.0	250.0	107.18	1723.7	0.00	0.000	-0.27
384.00	20440	0	20859	0	127.0	0.00	14.3	59.2	98	15.550	0.0	250.0	107.21	1723.7	0.00	0.000	-0.27
385.00	20508	0	21043	8	126.2	0.00	14.3	59.2	98	15.547	0.0	250.0	107.19	1723.7	0.00	0.000	-0.27
386.00	20569	0	21126	0	125.7	0.00	14.3	59.3	99	15.547	0.0	250.0	107.20	1723.7	0.00	0.000	-0.27
387.00	20783	0	21043	8	125.2	0.00	14.3	59.3	99	15.547	0.0	250.0	107.20	1723.7	0.00	0.000	-0.27
388.00	20470	0	21020	0	124.3	0.00	14.4	59.3	99	15.548	0.0	250.0	107.20	1723.7	0.00	0.000	-0.27
389.00	20051	0	21073	15	123.6	0.00	14.4	59.3	99	15.542	0.0	250.0	107.16	1723.7	0.00	0.000	-0.27
390.00	19883	0	20928	0	123.3	0.00	14.4	59.3	99	15.545	0.0	250.0	107.18	1723.7	0.00	0.000	-0.27
391.00	20569	0	20913	0	123.0	0.00	14.4	59.4	100	15.551	0.0	250.0	107.22	1723.7	0.00	0.000	-0.27
392.00	18662	0	19105	8	122.2	0.00	14.5	59.6	100	15.551	0.0	250.0	107.22	1723.7	0.00	0.000	-0.27
393.00	17701	0	17251	0	121.5	0.00	14.5	59.7	100	15.546	0.0	250.0	107.19	1723.7	0.00	0.000	-0.27
394.00	17342	0	16839	46	120.8	0.00	14.5	59.8	100	15.545	0.0	250.0	107.18	1723.7	0.00	0.000	-0.27
395.00	17205	0	16709	15	120.7	0.00	14.5	59.8	100	15.563	0.0	250.0	107.30	1723.7	0.00	0.000	-0.27
396.00	17121	0	16625	38	120.3	0.00	14.5	59.9	100	15.551	0.0	250.0	107.22	1723.7	0.00	0.000	-0.27
397.00	16984	0	16587	8	119.7	0.00	14.5	60.0	100	15.531	0.0	250.0	107.08	1723.7	0.00	0.000	-0.27
398.00	16961	0	16655	38	119.7	0.00	14.5	60.0	100	15.555	0.0	250.0	107.24	1723.7	0.00	0.000	-0.27
399.00	16923	0	16556	8	119.7	0.00	14.5	60.1	100	15.547	0.0	250.0	107.19	1723.7	0.00	0.000	-0.27
400.00	16953	0	16549	8	119.9	0.00	14.5	60.1	100	15.547	0.0	250.0	107.19	1723.7	0.00	0.000	-0.27
401.00	16953	0	16541	46	120.9	0.00	14.5	60.2	100	15.546	0.0	250.0	107.19	1723.7	0.00	0.000	-0.27
402.00	16861	0	16625	15	122.2	0.00	14.5	60.2	100	15.546	0.0	250.0	107.19	1723.7	0.00	0.000	-0.27
403.00	16846	0	16533	0	122.7	0.00	14.5	60.2	100	15.547	0.0	250.0	107.19	1723.7	0.00	0.000	-0.27
404.00	16686	0	16572	8	124.0	0.00	14.5	60.2	100	15.549	0.0	250.0	107.21	1723.7	0.00	0.000	-0.27
405.00	16892	0	16594	8	126.0	0.00	14.5	60.2	100	15.547	0.0	250.0	107.19	1723.7	0.00	0.000	-0.27
406.00	16900	0	16633	8	127.5	0.00	14.5	60.2	100	15.544	0.0	250.0	107.17	1723.7	0.00	0.000	-0.27
407.00	16793	0	16564	0	128.6	0.00	14.5	60.3	100	15.549	0.0	250.0	107.21	1723.7	0.00	0.000	-0.27
408.00	16816	0	16503	23	129.4	0.00	14.5	60.3	100	15.541	0.0	250.0	107.15	1723.7	0.00	0.000	-0.27
409.00	16884	0	16572	23	129.8	0.00	14.5	60.3	100	15.544	0.0	250.0	107.17	1723.7	0.00	0.000	-0.27
410.00	16846	0	16602	31	130.4	0.00	14.5	60.3	100	15.545	0.0	250.0	107.18	1723.7	0.00	0.000	-0.27
411.00	16861	0	16579	23	131.1	0.00	14.5	60.3	100	15.538	0.0	250.0	107.13	1723.7	0.00	0.000	-0.27
412.00	16755	0	16556	23	131.2	0.00	14.5	60.3	100	15.542	0.0	250.0	107.16	1723.7	0.00	0.000	-0.27
413.00	16877	0	16480	23	131.3	0.00	14.5	60.3	100	15.547	0.0	250.0	107.19	1723.7	0.00	0.000	-0.27
414.00	16785	0	16617	0	131.3	0.00	14.5	60.3	100	15.537	0.0	250.0	107.13	1723.7	0.00	0.000	-0.27
415.00	16892	0	16434	0	131.3	0.00	14.5	60.3	100	15.545	0.0	250.0	107.18	1723.7	0.00	0.000	-0.27
416.00	16968	0	16488	8	131.2	0.00	14.5	60.3	100	15.541	0.0	250.0	107.15	1723.7	0.00	0.000	-0.27
417.00	16762	0	16503	15	131.0	0.00	14.5	60.3	100	15.539	0.0	250.0	107.14	1723.7	0.00	0.000	-0.27
418.00	16861	0	16488	15	130.7	0.00	14.5	60.3	100	15.541	0.0	250.0	107.15	1723.7	0.00	0.000	-0.27
419.00	16884	0	16625	8	130.4	0.00	14.4	60.3	100	15.542	0.0	250.0	107.16	1723.7	0.00	0.000	-0.27
420.00	16976	0	16495	23	130.0	0.00	14.4	60.3	100	15.545	0.0	250.0	107.18	1723.7	0.00	0.000	-0.27
421.00	16923	0	16701	15	128.9	0.00	14.4	60.3	100	15.539	0.0	250.0	107.14	1723.7	0.00	0.000	-0.27
422.00	16884	0	16564	46	127.8	0.00	14.8	28.2	102	15.539	0.0	250.0	107.14	1723.7	0.00	0.000	-0.27
423.00	16732	0	16564	0	127.0	0.00	16.0	18.9	110	15.541	0.0	250.0	107.15	1723.7	0.00	0.000	-0.27
424.00	16709	0	16488	0	126.4	0.00	17.1	18.9	118	15.542	0.0	250.0	107.16	1723.7	0.00	0.000	-0.27
425.00	16755	0	16480	8	124.6	0.00	18.3	18.9	126	15.536	0.0	250.0	107.11	1723.7	0.00	0.000	-0.27
426.00	16816	0	16655	15	123.3	0.00	19.5	18.9	135	15.539	0.0	250.0	107.14	1723.7	0.00	0.000	-0.27
427.00	16694	0	16602	23	122.0	0.00	20.7	18.8	143	15.540	0.0	250.0	107.15	1723.7	0.00	0.000	-0.27
428.00	16785	0	16625	23	117.5	0.00	21.9	18.6	151	15.538	0.0	250.0	107.13	1723.7	0.00	0.000	-0.27
429.00	16655	0	16663	8	115.4	0.00	22.9	12.5	158	15.532	0.0	250.0	107.09	1723.7	0.00	0.000	-0.27
430.00	16861	0	16503	31	115.0	0.00	23.5	5.6	162	15.534	0.0	250.0	107.11	1723.7	0.00	0.000	-0.27
431.00	16762	0	16449	8	114.6	0.00	23.8	8.4	164	15.532	0.0	250.0	107.09	1723.7	0.00	0.000	-0.27
432.00	16755	0	16472	38	114.3	0.00	24.6	11.4	169	15.530	0.0	250.0	107.07	1723.7	0.00	0.000	-0.27
433.00	16808	0	16518	15	114.0	0.00	25.2	9.1	174	15.526	0.0	250.0	107.05	1723.7	0.00	0.000	-0.27
434.00	16640	0	16701	0	113.7	0.00	25.8	6.9	178	15.531	0.0	250.0	107.08	1723.7	0.00	0.000	-0.27
435.00	16671	0	16495	46	114.0	0.00	26.2	4.6	180	15.529	0.0	250.0	107.07	1723.7	0.00	0.000	-0.27
436.00	16747	0	16419	15	115.1	0.00	26.4	2.8	182	15.520	0.0	250.0	107.01	1723.7	0.00	0.000	-0.27
437.00	16747	0	16480	8	115.8	0.00	26.6	1.6	183	15.499	0.0	250.0	106.86	1723.7	0.00	0.000	-0.27
438.00	16747	0	16579	38	116.2	0.00	26.7	0.8	184	15.529	0.0	250.0	107.07	1723.7	0.00	0.000	-0.27
439.00	16770	0	16442	8	117.2	0.00	26.7	0.4	184	15.511	0.0	250.0	106.94	1723.7	0.00	0.000	-0.27
440.00	16541	0	16350	8	118.3	0.00	26.8	0.2	184	15.505	0.0	250.0	106.90	1723.7	0.00	0.000	-0.27
441.00	16732	0	16526	31	118.6	0.00	26.8	0.1	185	15.506	0.0	250.0	106.91	1723.7	0.00	0.000	-0.27
442.00	16755	0	16411	0	118.9	0.00	26.8	0.0	185	15.502	0.0	250.0	106.88	1723.7	0.00	0.000	-0.27
443.00	16762	0	16465	31	119.7	0.00	26.8	0.0	185	15.501	0.0	250.0	106.88	1723.7	0.00	0.000	-0.27
444.00	16717	0	16427	15	120.5	0.00	26.8	0.0	185	15.505	0.0	250.0	106.90	1723.7	0.00	0.000	-0.27
445.00	16625	0	16449	23	121.3	0.00	26.8	0.0	185	15.499	0.0	250.0	106.86	1723.7	0.00	0.000	-0.27
446.00	16724	0	16526	38	121.6	0.00	26.8	0.0	185	15.500	0.0	250.0	106.87	1723.7	0.00	0.000	-0.27
447.00	16709	0	16419	8	122.1	0.00	26.9	0.0	185	15.491	0.0	250.0	106.81	1723.7	0.00	0.000	-0.27
448.00	16732	0	16511	46	126.4	0.00	26.9	0.0	185	15.500	0.0	250.0	106.87	1723.7	0.00	0.000	-0.27
449.00	16602	0	16449	15	129.4	0.00	26.9	0.0	185	15.500	0.0	250.0	106.87	1723.7	0.00	0.000	-0.27
450.00	16671	0	16419	8	130.8	0.00	26.9	0.0	185	15.497	0.0	250.0	106.85	1723.7	0.00	0.000	-0.27
451.00	16701	0	16503	23	131.8	0.00	26.9	0.0	185	15.499	0.0	250.0	106.86	1723.7	0.00	0.000	-0.27
452.00	16686	0	16549	38	132.4	0.00	26.9	0.0	185	15.503	0.0	250.0	106.89	1723.7	0.00	0.000	-0.27
453.00	16594	0	16472	0	132.4	0.00	26.9	0.0	185	15.504	0.0	250.0	106.90	1723.7	0.00	0.000	-0.27
454.00	16617	0	16411	31	132.8	0.00	26.9	0.0	185	15.506	0.0	250.0	106.91	1723.7	0.00	0.000	-0.27
455.00	16556	0	16396	15	134.1	0.00	26.9	0.0	185	15.510	0.0	250.0	106.94	1723.7	0.00	0.000	-0.27
456.00	16762	0	16465	31	135.8	0.00	26.9	0.0	185	15.505	0.0	250.0	106.90	1723.7	0.00	0.000	-0.27
457.00	16625	0	16419	8	135.8	0.00	26.9	0.0	185	15.502	0.0	250.0	106.88	1723.7	0.00	0.000	-0.27
458.00	16602	0	16442	8	135.8	0.00	26.9	0.0	185	15.509	0.0	250.0	106.93	1723.7	0.00	0.000	-0.27
459.00	16678	0	16503	0	135.4	0.00	26.9	0.0	185	15.505	0.0	250.0	106.90	1723.7	0.00	0.000	-0.27
460.00	16648	0	16381	8	134.5	0.00	26.9	0.0	185	15.512	0.0	250.0	106.95	1723.7	0.00	0.000	-0.27
461.00	16770	0	16465	31	133.7	0.00	26.9	0.0	185	15.509	0.0	250.0	106.93	1723.7	0.00	0.000	-0.27
462.00	16686	0	16297	8	132.7	0.00	26.9	0.0	185	15.505	0.0	250.0	106.90	1723.7	0.00	0.000	-0.27
463.00	16587	0	16655	31	131.9	0.00	26.9	0.0	185	15.507	0.0	250.0	106.92	1723.7	0.00	0.000	-0.27
464.00	16678	0	16655	31	131.2	0.00	26.9	0.0	185	15.509	0.0	250.0	106.93	1723.7	0.00	0.000	-0.27
465.00	16747	0	16633	15	130.5	0.00	26.9	0.0	185	15.513	0.0	250.0	106.96	1723.7	0.00	0.000	-0.27
466.00	16938	0	16526	15	129.6	0.00	23.5	105.8	162	15.507	0.0	250.0	106.91	1723.7	0.00	0.000	-0.27
467.00	16770	0	16480	23	128.0	0.00	18.7	130.1	129	15.515	0.0	250.0	106.97	1723.7	0.00	0.000	-0.27
468.00	16877	0	16434	8	126.9	0.00	16.1	117.2	111	15.507	0.0	250.0	106.91	1723.7	0.00	0.000	-0.27
469.00	16778	0	16610	23	125.8	0.00	14.7	94.5	102	15.511	0.0	250.0	106.95	1723.7	0.00	0.000	-0.27
470.00	16808	0	16503	0	125.0	0.00	13.9	82.3	96	15.518	0.0	250.0	106.99	1723.7	0.00	0.000	-0.27
471.00	16778	0	16488	38	124.1	0.00	13.3	75.3	92	15.506	0.0	250.0	106.91	1723.7	0.00	0.000	-0.27
472.00	16724	0	16480	15	123.0	0.00	13.0	71.0	89	15.513	0.0	250.0	106.96	1723.7	0.00	0.000	-0.27
473.00	16816	0	16480	23	122.3	0.00	12.7	68.2	88	15.510	0.0	250.0	106.93	1723.7	0.00	0.000	-0.27
474.00	16854	0	16511	15	120.7	0.00	12.5	66.1	86	15.509	0.0	250.0	106.93	1723.7	0.00	0.000	-0.27
475.00	16762	0	16503	8	117.8	0.00	12.4	64.6	85	15.512	0.0	250.0	106.95	1723.7	0.00	0.000	-0.27
476.00	16854	0	16488	15	116.4	0.00	12.2	63.4	84	15.504	0.0	250.0	106.90	1723.7	0.00	0.000	-0.27
477.00	16884	0	16511	46	116.4	0.00	12.2	62.4	84	15.495	0.0	250.0	106.83	1723.7	0.00	0.000	-0.27
478.00	16518	0	16511	8	116.4	0.00	12.1	61.7	84	15.516	0.0	250.0	106.98	1723.7	0.00	0.000	-0.27
479.00	16610	0	16472	8	116.5	0.00	12.1	61.1	83	15.501	0.0	250.0	106.87	1723.7	0.00	0.000	-0.27
480.00	16701	0	16488	31	116.3	0.00	12.1	60.6	83	15.495	0.0	250.0	106.83	1723.7	0.00	0.000	-0.27
481.00	16694	0	16495	8	116.2	0.00	12.1	60.1	83	15.500	0.0	250.0	106.87	1723.7	0.00	0.000	-0.27
482.00	16823	0	16518	61	116.6	0.00	12.1	59.8	84	15.497	0.0	250.0	106.85	1723.7	0.00	0.000	-0.27
483.00	16808	0	16427	0	117.0	0.00	12.1	59.5	84	15.489	0.0	250.0	106.79	1723.7	0.00	0.000	-0.27
484.00	16717	0	16511	23	118.0	0.00	12.2	59.3	84	15.496	0.0	250.0	106.84	1723.7	0.00	0.000	-0.27
485.00	16846	0	16427	8	118.3	0.00	12.2	59.2	84	15.511	0.0	250.0	106.95	1723.7	0.00	0.000	-0.27
486.00	16717	0	16480	31	118.9	0.00	12.2	59.1	84	15.524	0.0	250.0	107.03	1723.7	0.00	0.000	-0.27
487.00	16854	0	16465	8	122.6	0.00	12.3	58.9	85	15.527	0.0	250.0	107.05	1723.7	0.00	0.000	-0.27
488.00	16816	0	16587	8	125.2	0.00	12.3	58.9	85	15.528	0.0	250.0	107.06	1723.7	0.00	0.000	-0.27
489.00	16701	0	16526	15	126.5	0.00	12.4	58.8	85	15.526	0.0	250.0	107.05	1723.7	0.00	0.000	-0.27
490.00	16976	0	16388	8	128.1	0.00	12.4	58.8	86	15.530	0.0	250.0	107.08	1723.7	0.00	0.000	-0.27
491.00	16671	0	16472	8	129.3	0.00	12.5	58.8	86	15.532	0.0	250.0	107.09	1723.7	0.00	0.000	-0.27
492.00	16854	0	16366	15	129.7	0.00	12.5	58.8	86	15.530	0.0	250.0	107.07	1723.7	0.00	0.000	-0.27
493.00	16671	0	16404	8	130.2	0.00	12.6	58.8	87	15.535	0.0	250.0	107.11	1723.7	0.00	0.000	-0.27
494.00	16755	0	16457	23	131.1	0.00	12.6	58.8	87	15.534	0.0	250.0	107.10	1723.7	0.00	0.000	-0.27
495.00	16938	0	16305	0	131.7	0.00	12.7	58.8	87	15.528	0.0	250.0	107.06	1723.7	0.00	0.000	-0.27
496.00	16869	0	16381	15	131.7	0.00	12.7	58.8	88	15.532	0.0	250.0	107.09	1723.7	0.00	0.000	-0.27
497.00	16785	0	16449	0	131.6	0.00	12.8	58.8	88	15.534	0.0	250.0	107.10	1723.7	0.00	0.000	-0.27
498.00	16884	0	16427	15	131.3	0.00	12.8	58.8	88	15.535	0.0	250.0	107.11	1723.7	0.00	0.000	-0.27
499.00	16778	0	16343	23	130.8	0.00	12.8	58.9	89	15.534	0.0	250.0	107.10	1723.7	0.00	0.000	-0.27
500.00	17045	0	16404	31	130.5	0.00	12.9	58.9	89	15.532	0.0	250.0	107.09	1723.7	0.00	0.000	-0.27
501.00	16961	0	16297	8	130.1	0.00	12.9	58.9	89	15.531	0.0	250.0	107.09	1723.7	0.00	0.000	-0.27
502.00	16732	0	16396	15	129.3	0.00	13.0	58.9	89	15.535	0.0	250.0	107.11	1723.7	0.00	0.000	-0.27
503.00	16869	0	16465	31	128.5	0.00	13.0	59.0	90	15.534	0.0	250.0	107.10	1723.7	0.00	0.000	-0.27
504.00	16648	0	16335	15	127.7	0.00	13.0	59.0	90	15.529	0.0	250.0	107.07	1723.7	0.00	0.000	-0.27
505.00	16793	0	16449	23	126.9	0.00	13.1	59.0	90	15.531	0.0	250.0	107.08	1723.7	0.00	0.000	-0.27
506.00	16747	0	16442	23	126.1	0.00	13.1	59.1	90	15.531	0.0	250.0	107.08	1723.7	0.00	0.000	-0.27
507.00	16709	0	16419	46	125.3	0.00	13.2	59.1	91	15.533	0.0	250.0	107.10	1723.7	0.00	0.000	-0.27
508.00	16755	0	16488	23	124.5	0.00	13.2	59.1	91	15.530	0.0	250.0	107.07	1723.7	0.00	0.000	-0.27
509.00	16648	0	16457	23	123.8	0.00	13.2	59.1	91	15.534	0.0	250.0	107.10	1723.7	0.00	0.000	-0.27
510.00	16663	0	16495	23	122.7	0.00	13.3	59.1	91	15.528	0.0	250.0	107.06	1723.7	0.00	0.000	-0.27
511.00	16671	0	16427	8	121.9	0.00	13.3	59.1	92	15.530	0.0	250.0	107.07	1723.7	0.00	0.000	-0.27
512.00	16839	0	16465	46	121.7	0.00	13.3	59.2	92	15.530	0.0	250.0	107.08	1723.7	0.00	0.000	-0.27
513.00	16785	0	16465	8	121.1	0.00	13.3	59.2	92	15.528	0.0	250.0	107.06	1723.7	0.00	0.000	-0.27
514.00	16823	0	16388	15	117.9	0.00	13.4	59.2	92	15.539	0.0	250.0	107.14	1723.7	0.00	0.000	-0.27
515.00	16747	0	16427	31	116.8	0.00	13.4	59.2	92	15.533	0.0	250.0	107.10	1723.7	0.00	0.000	-0.27
516.00	16747	0	16366	15	116.7	0.00	13.4	59.2	93	15.518	0.0	250.0	107.00	1723.7	0.00	0.000	-0.27
517.00	16816	0	16381	23	116.7	0.00	13.5	59.2	93	15.535	0.0	250.0	107.11	1723.7	0.00	0.000	-0.27
518.00	16701	0	16381	8	116.4	0.00	13.5	59.3	93	15.541	0.0	250.0	107.15	1723.7	0.00	0.000	-0.27
519.00	16709	0	16419	8	116.5	0.00	13.5	59.3	93	15.527	0.0	250.0	107.06	1723.7	0.00	0.000	-0.27
520.00	16732	0	16427	0	117.1	0.00	13.5	59.3	93	15.522	0.0	250.0	107.02	1723.7	0.00	0.000	-0.27
521.00	16755	0	16701	46	118.3	0.00	13.6	59.3	94	15.525	0.0	250.0	107.04	1723.7	0.00	0.000	-0.27
522.00	16648	0	16915	8	119.3	0.00	13.6	59.3	94	15.522	0.0	250.0	107.02	1723.7	0.00	0.000	-0.27
523.00	16625	0	16945	15	120.1	0.00	13.6	59.3	94	15.523	0.0	250.0	107.03	1723.7	0.00	0.000	-0.27
524.00	16663	0	16907	8	120.3	0.00	13.6	59.2	94	15.532	0.0	250.0	107.09	1723.7	0.00	0.000	-0.27
525.00	16785	0	16900	0	121.1	0.00	13.7	59.1	94	15.524	0.0	250.0	107.03	1723.7	0.00	0.000	-0.27
526.00	17235	0	17144	8	124.7	0.00	13.7	59.1	95	15.524	0.0	250.0	107.03	1723.7	0.00	0.000	-0.27
527.00	17380	0	17182	8	127.8	0.00	13.7	59.0	95	15.529	0.0	250.0	107.07	1723.7	0.00	0.000	-0.27
528.00	17388	0	17167	31	130.0	0.00	13.8	58.9	95	15.523	0.0	250.0	107.03	1723.7	0.00	0.000	-0.27
529.00	17350	0	17251	23	131.6	0.00	13.8	58.9	95	15.525	0.0	250.0	107.04	1723.7	0.00	0.000	-0.27
530.00	17815	0	17144	31	133.2	0.00	13.8	58.9	95	15.530	0.0	250.0	107.08	1723.7	0.00	0.000	-0.27
531.00	17655	0	17113	15	134.5	0.00	13.9	58.9	96	15.523	0.0	250.0	107.03	1723.7	0.00	0.000	-0.27
532.00	17624	0	17083	15	135.7	0.00	13.9	58.9	96	15.520	0.0	250.0	107.01	1723.7	0.00	0.000	-0.27
533.00	18189	0	17136	0	136.7	0.00	14.0	58.9	96	15.527	0.0	250.0	107.05	1723.7	0.00	0.000	-0.27
534.00	22698	0	18975	38	137.5	0.00	14.0	58.9	97	15.522	0.0	250.0	107.02	1723.7	0.00	0.000	-0.27
535.00	29221	0	26505	38	138.0	0.00	14.0	58.9	97	15.526	0.0	250.0	107.05	1723.7	0.00	0.000	-0.27
536.00	29672	0	33319	31	138.1	0.00	14.1	58.9	97	15.526	0.0	250.0	107.05	1723.7	0.00	0.000	-0.27
537.00	26368	0	32250	23	138.2	0.00	14.1	58.9	97	15.529	0.0	250.0	107.07	1723.7	0.00	0.000	-0.27
538.00	23995	0	27734	8	138.3	0.00	14.1	59.0	98	15.528	0.0	250.0	107.06	1723.7	0.00	0.000	-0.27
539.00	22355	0	24308	31	138.2	0.00	14.2	59.0	98	15.531	0.0	250.0	107.08	1723.7	0.00	0.000	-0.27
540.00	21424	0	22301	8	138.1	0.00	14.2	59.0	98	15.529	0.0	250.0	107.07	1723.7	0.00	0.000	-0.27
541.00	20745	0	21241	0	137.9	0.00	14.2	59.0	98	15.525	0.0	250.0	107.04	1723.7	0.00	0.000	-0.27
542.00	20447	0	20562	23	137.7	0.00	14.3	59.0	98	15.526	0.0	250.0	107.05	1723.7	0.00	0.000	-0.27
543.00	20089	0	20074	23	137.1	0.00	14.3	59.0	99	15.526	0.0	250.0	107.05	1723.7	0.00	0.000	-0.27
544.00	19799	0	19868	8	137.0	0.00	14.3	59.1	99	15.527	0.0	250.0	107.06	1723.7	0.00	0.000	-0.27
545.00	19684	0	19738	23	136.6	0.00	14.4	59.1	99	15.528	0.0	250.0	107.06	1723.7	0.00	0.000	-0.27
546.00	19570	0	19425	46	135.8	0.00	14.4	59.1	99	15.527	0.0	250.0	107.05	1723.7	0.00	0.000	-0.27
547.00	19601	0	19539	8	135.4	0.00	14.4	59.2	99	15.525	0.0	250.0	107.04	1723.7	0.00	0.000	-0.27
548.00	19715	0	19417	46	135.1	0.00	14.4	59.2	100	15.527	0.0	250.0	107.05	1723.7	0.00	0.000	-0.27
549.00	18319	0	18807	31	134.7	0.00	14.5	59.3	100	15.528	0.0	250.0	107.06	1723.7	0.00	0.000	-0.27
550.00	17655	0	17090	8	133.9	0.00	14.5	59.4	100	15.526	0.0	250.0	107.05	1723.7	0.00	0.000	-0.27
551.00	17289	0	16457	8	133.3	0.00	14.5	59.5	100	15.534	0.0	250.0	107.10	1723.7	0.00	0.000	-0.27
552.00	17151	0	16259	15	133.0	0.00	14.5	59.6	100	15.524	0.0	250.0	107.04	1723.7	0.00	0.000	-0.27
553.00	17190	0	16190	23	132.6	0.00	14.5	59.7	100	15.530	0.0	250.0	107.07	1723.7	0.00	0.000	-0.27
554.00	17098	0	16099	23	131.6	0.00	14.5	59.8	100	15.533	0.0	250.0	107.10	1723.7	0.00	0.000	-0.27
555.00	17174	0	16083	0	131.4	0.00	14.5	59.8	100	15.523	0.0	250.0	107.03	1723.7	0.00	0.000	-0.27
556.00	16961	0	16060	15	130.9	0.00	14.6	59.9	100	15.527	0.0	250.0	107.05	1723.7	0.00	0.000	-0.27
557.00	17159	0	16091	23	129.8	0.00	14.6	59.9	100	15.529	0.0	250.0	107.07	1723.7	0.00	0.000	-0.27
558.00	16945	0	15999	23	129.3	0.00	14.6	60.0	100	15.523	0.0	250.0	107.03	1723.7	0.00	0.000	-0.27
559.00	16884	0	16053	0	129.1	0.00	14.6	60.0	100	15.526	0.0	250.0	107.05	1723.7	0.00	0.000	-0.27
560.00	16846	0	16091	15	128.5	0.00	14.6	60.0	100	15.527	0.0	250.0	107.05	1723.7	0.00	0.000	-0.27
561.00	16785	0	16060	23	127.6	0.00	14.6	60.0	100	15.522	0.0	250.0	107.02	1723.7	0.00	0.000	-0.27
562.00	16877	0	16114	8	127.3	0.00	14.6	60.0	100	15.525	0.0	250.0	107.04	1723.7	0.00	0.000	-0.27
563.00	16846	0	16053	31	126.9	0.00	14.6	60.1	100	15.533	0.0	250.0	107.10	1723.7	0.00	0.000	-0.27
564.00	16869	0	16114	15	125.8	0.00	14.6	60.0	100	15.528	0.0	250.0	107.06	1723.7	0.00	0.000	-0.27
565.00	16900	0	16099	23	125.4	0.00	14.6	60.0	100	15.525	0.0	250.0	107.04	1723.7	0.00	0.000	-0.27
566.00	16991	0	16007	0	125.1	0.00	14.6	60.1	100	15.524	0.0	250.0	107.03	1723.7	0.00	0.000	-0.27
567.00	16823	0	16045	15	124.6	0.00	14.6	60.1	100	15.525	0.0	250.0	107.04	1723.7	0.00	0.000	-0.27
568.00	16953	0	16030	15	123.9	0.00	14.6	60.0	100	15.525	0.0	250.0	107.04	1723.7	0.00	0.000	-0.27
569.00	16892	0	16106	8	123.5	0.00	14.5	60.1	100	15.530	0.0	250.0	107.07	1723.7	0.00	0.000	-0.27
570.00	17014	0	15999	31	123.1	0.00	14.5	60.0	100	15.527	0.0	250.0	107.05	1723.7	0.00	0.000	-0.27
571.00	16861	0	16022	23	122.3	0.00	14.5	60.0	100	15.525	0.0	250.0	107.04	1723.7	0.00	0.000	-0.27
572.00	16884	0	16068	8	122.0	0.00	14.5	60.0	100	15.533	0.0	250.0	107.10	1723.7	0.00	0.000	-0.27
573.00	16976	0	15999	8	121.8	0.00	14.5	60.0	100	15.538	0.0	250.0	107.13	1723.7	0.00	0.000	-0.27
574.00	17052	0	15976	46	121.3	0.00	14.5	60.0	100	15.534	0.0	250.0	107.10	1723.7	0.00	0.000	-0.27
575.00	16663	0	15923	137	120.8	0.00	14.5	60.0	100	15.546	0.0	250.0	107.19	1723.7	0.00	0.000	-0.27
576.00	16884	0	16030	15	120.4	0.00	14.5	59.9	100	15.546	0.0	250.0	107.18	1723.7	0.00	0.000	-0.27
577.00	17060	0	15999	38	119.7	0.00	14.5	60.0	100	15.528	0.0	250.0	107.06	1723.7	0.00	0.000	-0.27
578.00	17014	0	15946	15	119.2	0.00	14.5	59.9	100	15.535	0.0	250.0	107.11	1723.7	0.00	0.000	-0.27
579.00	17052	0	15946	15	119.2	0.00	14.5	59.9	100	15.537	0.0	250.0	107.13	1723.7	0.00	0.000	-0.27
580.00	16984	0	15984	15	119.4	0.00	14.5	59.9	100	15.534	0.0	250.0	107.10	1723.7	0.00	0.000	-0.27
581.00	17106	0	16007	8	120.0	0.00	14.5	59.9	100	15.537	0.0	250.0	107.13	1723.7	0.00	0.000	-0.27
582.00	17113	0	16060	31	121.3	0.00	14.6	59.9	100	15.532	0.0	250.0	107.09	1723.7	0.00	0.000	-0.27
583.00	17113	0	16137	15	122.6	0.00	14.6	59.9	100	15.531	0.0	250.0	107.08	1723.7	0.00	0.000	-0.27
584.00	16938	0	16007	8	123.8	0.00	14.6	59.9	100	15.531	0.0	250.0	107.08	1723.7	0.00	0.000	-0.27
585.00	16900	0	15999	15	125.2	0.00	14.6	59.9	100	15.525	0.0	250.0	107.04	1723.7	0.00	0.000	-0.27
586.00	17022	0	15992	0	126.7	0.00	14.6	59.9	100	15.531	0.0	250.0	107.08	1723.7	0.00	0.000	-0.27
587.00	16961	0	15984	8	128.0	0.00	14.6	59.9	100	15.532	0.0	250.0	107.09	1723.7	0.00	0.000	-0.27
588.00	17014	0	16030	31	129.0	0.00	14.6	59.9	100	15.531	0.0	250.0	107.08	1723.7	0.00	0.000	-0.27
589.00	16884	0	15969	15	129.9	0.00	14.6	59.9	100	15.536	0.0	250.0	107.11	1723.7	0.00	0.000	-0.27
590.00	17029	0	16007	23	130.8	0.00	14.6	60.0	100	15.531	0.0	250.0	107.08	1723.7	0.00	0.000	-0.27
591.00	17098	0	15976	15	131.1	0.00	14.6	60.0	100	15.532	0.0	250.0	107.09	1723.7	0.00	0.000	-0.27
592.00	17045	0	15938	8	131.2	0.00	14.6	60.0	100	15.527	0.0	250.0	107.05	1723.7	0.00	0.000	-0.27
593.00	16961	0	15946	0	131.6	0.00	14.6	60.0	100	15.522	0.0	250.0	107.02	1723.7	0.00	0.000	-0.27
594.00	16984	0	15961	23	131.8	0.00	14.6	60.0	100	15.524	0.0	250.0	107.03	1723.7	0.00	0.000	-0.27
595.00	16991	0	15961	8	131.6	0.00	14.6	60.0	100	15.525	0.0	250.0	107.04	1723.7	0.00	0.000	-0.27
596.00	16976	0	15961	0	131.4	0.00	14.6	46.3	101	15.528	0.0	250.0	107.06	1723.7	0.00	0.000	-0.27
597.00	16923	0	16083	8	130.6	0.00	15.6	18.9	107	15.521	0.0	250.0	107.02	1723.7	0.00	0.000	-0.27
598.00	16785	0	16106	0	129.5	0.00	16.7	18.8	115	15.521	0.0	250.0	107.01	1723.7	0.00	0.000	-0.27
599.00	16953	0	15915	31	128.4	0.00	17.9	18.8	124	15.527	0.0	250.0	107.05	1723.7	0.00	0.000	-0.27
600.00	16793	0	16030	31	127.6	0.00	19.1	18.8	132	15.522	0.0	250.0	107.02	1723.7	0.00	0.000	-0.27
601.00	16976	0	16091	38	126.4	0.00	20.3	18.7	140	15.521	0.0	250.0	107.01	1723.7	0.00	0.000	-0.27
602.00	16961	0	15954	0	125.2	0.00	21.5	18.6	148	15.519	0.0	250.0	107.00	1723.7	0.00	0.000	-0.27
603.00	16839	0	16053	23	124.2	0.00	22.6	15.4	156	15.524	0.0	250.0	107.03	1723.7	0.00	0.000	-0.27
604.00	16968	0	15969	0	123.3	0.00	23.3	6.8	161	15.517	0.0	250.0	106.99	1723.7	0.00	0.000	-0.27
605.00	16785	0	16015	38	120.5	0.00	23.7	5.9	163	15.523	0.0	250.0	107.03	1723.7	0.00	0.000	-0.27
606.00	16869	0	16053	23	117.9	0.00	24.3	11.8	168	15.518	0.0	250.0	106.99	1723.7	0.00	0.000	-0.27
607.00	16778	0	15976	8	117.4	0.00	25.0	9.7	172	15.514	0.0	250.0	106.97	1723.7	0.00	0.000	-0.27
608.00	16831	0	16037	15	117.1	0.00	25.6	7.5	176	15.516	0.0	250.0	106.98	1723.7	0.00	0.000	-0.27
609.00	16747	0	16037	31	116.7	0.00	26.0	5.1	179	15.521	0.0	250.0	107.01	1723.7	0.00	0.000	-0.27
610.00	16831	0	15961	8	116.1	0.00	26.3	3.2	181	15.518	0.0	250.0	106.99	1723.7	0.00	0.000	-0.27
611.00	16816	0	15931	8	115.7	0.00	26.5	1.8	183	15.522	0.0	250.0	107.02	1723.7	0.00	0.000	-0.27
612.00	16747	0	15999	15	116.0	0.00	26.6	0.9	184	15.522	0.0	250.0	107.02	1723.7	0.00	0.000	-0.27
613.00	16785	0	15976	23	117.2	0.00	26.7	0.4	184	15.521	0.0	250.0	107.02	1723.7	0.00	0.000	-0.27
614.00	16808	0	16045	15	118.8	0.00	26.7	0.1	184	15.518	0.0	250.0	106.99	1723.7	0.00	0.000	-0.27
615.00	16953	0	15992	23	119.9	0.00	26.8	0.0	184	15.520	0.0	250.0	107.01	1723.7	0.00	0.000	-0.27
616.00	16770	0	15946	15	120.8	0.00	26.8	0.0	185	15.537	0.0	250.0	107.13	1723.7	0.00	0.000	-0.27
617.00	16747	0	15992	38	121.7	0.00	26.8	0.0	185	15.523	0.0	250.0	107.03	1723.7	0.00	0.000	-0.27
618.00	16846	0	15984	15	123.1	0.00	26.8	0.0	185	15.521	0.0	250.0	107.01	1723.7	0.00	0.000	-0.27
619.00	16785	0	15908	15	124.0	0.00	26.8	0.0	185	15.512	0.0	250.0	106.95	1723.7	0.00	0.000	-0.27
620.00	16839	0	15946	31	125.0	0.00	26.8	0.0	185	15.520	0.0	250.0	107.01	1723.7	0.00	0.000	-0.27
621.00	16671	0	15992	15	126.6	0.00	26.8	0.0	185	15.516	0.0	250.0	106.98	1723.7	0.00	0.000	-0.27
622.00	16854	0	15946	46	128.1	0.00	26.8	0.0	185	15.515	0.0	250.0	106.97	1723.7	0.00	0.000	-0.27
623.00	16717	0	15908	23	129.1	0.00	26.8	0.0	185	15.520	0.0	250.0	107.01	1723.7	0.00	0.000	-0.27
624.00	16778	0	15992	0	129.4	0.00	26.8	0.0	185	15.517	0.0	250.0	106.98	1723.7	0.00	0.000	-0.27
625.00	16739	0	15908	23	129.7	0.00	26.8	0.0	185	15.514	0.0	250.0	106.96	1723.7	0.00	0.000	-0.27
626.00	16770	0	15923	0	130.2	0.00	26.8	0.0	185	15.524	0.0	250.0	107.04	1723.7	0.00	0.000	-0.27
627.00	16839	0	16022	0	130.3	0.00	26.8	0.0	185	15.519	0.0	250.0	107.00	1723.7	0.00	0.000	-0.27
628.00	16739	0	15946	15	130.2	0.00	26.8	0.0	185	15.519	0.0	250.0	107.00	1723.7	0.00	0.000	-0.27
629.00	16724	0	15893	31	130.1	0.00	26.8	0.0	185	15.521	0.0	250.0	107.01	1723.7	0.00	0.000	-0.27
630.00	16717	0	15984	15	129.8	0.00	26.8	0.0	185	15.517	0.0	250.0	106.99	1723.7	0.00	0.000	-0.27
631.00	16770	0	16007	15	129.4	0.00	26.8	0.0	185	15.517	0.0	250.0	106.98	1723.7	0.00	0.000	-0.27
632.00	16785	0	16007	8	128.8	0.00	26.8	0.0	185	15.518	0.0	250.0	106.99	1723.7	0.00	0.000	-0.27
633.00	16671	0	15976	8	128.3	0.00	26.8	0.0	185	15.513	0.0	250.0	106.96	1723.7	0.00	0.000	-0.27
634.00	16633	0	15938	23	127.4	0.00	26.8	0.0	185	15.519	0.0	250.0	107.00	1723.7	0.00	0.000	-0.27
635.00	16663	0	15969	8	126.7	0.00	26.8	0.0	185	15.520	0.0	250.0	107.00	1723.7	0.00	0.000	-0.27
636.00	16732	0	16068	0	126.3	0.00	26.8	0.0	185	15.523	0.0	250.0	107.03	1723.7	0.00	0.000	-0.27
637.00	16823	0	15992	0	125.5	0.00	26.8	0.0	185	15.518	0.0	250.0	106.99	1723.7	0.00	0.000	-0.27
638.00	16434	0	15984	38	124.6	0.00	26.8	0.0	185	15.517	0.0	250.0	106.99	1723.7	0.00	0.000	-0.27
639.00	16564	0	16045	0	123.9	0.00	26.8	0.0	185	15.510	0.0	250.0	106.94	1723.7	0.00	0.000	-0.27
640.00	17006	0	16030	15	123.5	0.00	23.4	107.9	161	15.517	0.0	250.0	106.98	1723.7	0.00	0.000	-0.27
641.00	16800	0	16022	23	122.8	0.00	18.6	130.1	128	15.523	0.0	250.0	107.03	1723.7	0.00	0.000	-0.27
642.00	16869	0	15961	8	121.7	0.00	16.1	116.4	111	15.520	0.0	250.0	107.01	1723.7	0.00	0.000	-0.27
643.00	16732	0	16015	15	121.1	0.00	14.7	93.9	101	15.517	0.0	250.0	106.99	1723.7	0.00	0.000	-0.27
644.00	16823	0	16053	0	119.1	0.00	13.9	81.8	96	15.519	0.0	250.0	107.00	1723.7	0.00	0.000	-0.27
645.00	16640	0	16114	61	116.7	0.00	13.3	74.9	92	15.508	0.0	250.0	106.93	1723.7	0.00	0.000	-0.27
646.00	16831	0	16068	46	116.5	0.00	12.9	70.7	89	15.517	0.0	250.0	106.98	1723.7	0.00	0.000	-0.27
647.00	16861	0	15999	8	116.4	0.00	12.7	67.9	87	15.515	0.0	250.0	106.97	1723.7	0.00	0.000	-0.27
648.00	16694	0	16083	31	115.7	0.00	12.5	65.8	86	15.514	0.0	250.0	106.96	1723.7	0.00	0.000	-0.27
649.00	16655	0	15961	0	115.7	0.00	12.3	64.3	85	15.512	0.0	250.0	106.95	1723.7	0.00	0.000	-0.27
650.00	16709	0	15954	8	116.2	0.00	12.2	63.1	84	15.515	0.0	250.0	106.97	1723.7	0.00	0.000	-0.27
651.00	16724	0	16015	15	117.8	0.00	12.2	62.2	84	15.513	0.0	250.0	106.96	1723.7	0.00	0.000	-0.27
652.00	16678	0	15984	15	118.8	0.00	12.1	61.4	84	15.518	0.0	250.0	106.99	1723.7	0.00	0.000	-0.27
653.00	16694	0	15984	31	119.9	0.00	12.1	60.8	83	15.516	0.0	250.0	106.98	1723.7	0.00	0.000	-0.27
654.00	16503	0	15992	8	121.0	0.00	12.1	60.3	83	15.519	0.0	250.0	107.00	1723.7	0.00	0.000	-0.27
655.00	16800	0	15976	15	121.7	0.00	12.1	59.9	83	15.515	0.0	250.0	106.97	1723.7	0.00	0.000	-0.27
656.00	16762	0	16022	8	122.1	0.00	12.1	59.6	84	15.514	0.0	250.0	106.96	1723.7	0.00	0.000	-0.27
657.00	16854	0	15969	8	123.0	0.00	12.1	59.4	84	15.513	0.0	250.0	106.96	1723.7	0.00	0.000	-0.27
658.00	16602	0	15999	23	124.4	0.00	12.2	59.1	84	15.516	0.0	250.0	106.98	1723.7	0.00	0.000	-0.27
659.00	16770	0	16007	0	124.9	0.00	12.2	59.0	84	15.512	0.0	250.0	106.95	1723.7	0.00	0.000	-0.27
660.00	16594	0	15946	15	127.0	0.00	12.2	58.9	84	15.515	0.0	250.0	106.98	1723.7	0.00	0.000	-0.27
661.00	16854	0	15984	31	130.4	0.00	12.3	58.8	85	15.518	0.0	250.0	106.99	1723.7	0.00	0.000	-0.27
662.00	16839	0	16007	8	132.3	0.00	12.3	58.7	85	15.523	0.0	250.0	107.03	1723.7	0.00	0.000	-0.27
663.00	16755	0	15961	15	133.4	0.00	12.4	58.7	85	15.514	0.0	250.0	106.97	1723.7	0.00	0.000	-0.27
664.00	16785	0	15954	23	133.9	0.00	12.4	58.7	86	15.513	0.0	250.0	106.96	1723.7	0.00	0.000	-0.27
665.00	16579	0	16015	0	134.2	0.00	12.5	58.6	86	15.516	0.0	250.0	106.98	1723.7	0.00	0.000	-0.27
666.00	16648	0	16022	15	134.7	0.00	12.5	58.7	86	15.510	0.0	250.0	106.94	1723.7	0.00	0.000	-0.27
667.00	16770	0	15877	31	135.1	0.00	12.6	58.7	87	15.514	0.0	250.0	106.97	1723.7	0.00	0.000	-0.27
668.00	16648	0	15954	15	135.1	0.00	12.6	58.7	87	15.515	0.0	250.0	106.97	1723.7	0.00	0.000	-0.27
669.00	16633	0	15961	15	135.2	0.00	12.6	58.7	87	15.520	0.0	250.0	107.01	1723.7	0.00	0.000	-0.27
670.00	16686	0	15900	61	135.2	0.00	12.7	58.7	87	15.513	0.0	250.0	106.96	1723.7	0.00	0.000	-0.27
671.00	16808	0	15893	0	135.0	0.00	12.7	58.7	88	15.519	0.0	250.0	107.00	1723.7	0.00	0.000	-0.27
672.00	16854	0	15938	0	134.8	0.00	12.8	58.8	88	15.514	0.0	250.0	106.97	1723.7	0.00	0.000	-0.27
673.00	16861	0	15893	15	134.7	0.00	12.8	58.8	88	15.518	0.0	250.0	106.99	1723.7	0.00	0.000	-0.27
674.00	16762	0	15969	46	134.1	0.00	12.8	58.9	89	15.516	0.0	250.0	106.98	1723.7	0.00	0.000	-0.27
675.00	16701	0	15946	31	133.5	0.00	12.9	58.9	89	15.515	0.0	250.0	106.98	1723.7	0.00	0.000	-0.27
676.00	16823	0	16076	8	133.3	0.00	12.9	58.9	89	15.510	0.0	250.0	106.94	1723.7	0.00	0.000	-0.27
677.00	16610	0	16030	15	133.1	0.00	12.9	58.9	89	15.517	0.0	250.0	106.99	1723.7	0.00	0.000	-0.27
678.00	16648	0	16015	8	132.6	0.00	13.0	59.0	90	15.512	0.0	250.0	106.95	1723.7	0.00	0.000	-0.27
679.00	16572	0	15992	8	131.9	0.00	13.0	59.0	90	15.511	0.0	250.0	106.95	1723.7	0.00	0.000	-0.27
680.00	16732	0	16037	31	131.7	0.00	13.0	59.0	90	15.511	0.0	250.0	106.94	1723.7	0.00	0.000	-0.27
681.00	16793	0	16022	8	131.1	0.00	13.1	59.1	90	15.509	0.0	250.0	106.93	1723.7	0.00	0.000	-0.27
682.00	16747	0	15938	31	130.2	0.00	13.1	59.1	90	15.512	0.0	250.0	106.95	1723.7	0.00	0.000	-0.27
683.00	16800	0	15992	0	129.7	0.00	13.1	59.1	91	15.516	0.0	250.0	106.98	1723.7	0.00	0.000	-0.27
684.00	16808	0	16076	23	129.5	0.00	13.2	59.1	91	15.513	0.0	250.0	106.96	1723.7	0.00	0.000	-0.27
685.00	16717	0	15961	53	129.2	0.00	13.2	59.2	91	15.511	0.0	250.0	106.95	1723.7	0.00	0.000	-0.27
686.00	16816	0	15923	23	128.5	0.00	13.2	59.2	91	15.516	0.0	250.0	106.98	1723.7	0.00	0.000	-0.27
687.00	16793	0	15984	31	127.7	0.00	13.2	59.2	91	15.516	0.0	250.0	106.98	1723.7	0.00	0.000	-0.27
688.00	16770	0	15893	23	127.4	0.00	13.3	59.2	91	15.508	0.0	250.0	106.93	1723.7	0.00	0.000	-0.27
689.00	16793	0	15946	38	127.0	0.00	13.3	59.3	92	15.519	0.0	250.0	107.00	1723.7	0.00	0.000	-0.27
690.00	16640	0	16213	23	126.3	0.00	13.3	59.3	92	15.514	0.0	250.0	106.96	1723.7	0.00	0.000	-0.27
691.00	16709	0	16343	23	125.6	0.00	13.3	59.3	92	15.511	0.0	250.0	106.94	1723.7	0.00	0.000	-0.27
692.00	16793	0	16373	38	125.4	0.00	13.3	59.3	92	15.521	0.0	250.0	107.01	1723.7	0.00	0.000	-0.27
693.00	16495	0	16465	46	125.0	0.00	13.4	59.2	92	15.509	0.0	250.0	106.93	1723.7	0.00	0.000	-0.27
694.00	16289	0	16465	0	124.4	0.00	13.4	59.2	92	15.514	0.0	250.0	106.97	1723.7	0.00	0.000	-0.27
695.00	16732	0	16633	0	123.9	0.00	13.4	59.1	92	15.520	0.0	250.0	107.00	1723.7	0.00	0.000	-0.27
696.00	16930	0	16755	23	123.6	0.00	13.4	59.0	93	15.513	0.0	250.0	106.96	1723.7	0.00	0.000	-0.27
697.00	17083	0	16701	0	122.7	0.00	13.5	59.0	93	15.515	0.0	250.0	106.97	1723.7	0.00	0.000	-0.27
698.00	17106	0	16717	8	122.3	0.00	13.5	59.0	93	15.511	0.0	250.0	106.94	1723.7	0.00	0.000	-0.27
699.00	17418	0	16800	8	122.1	0.00	13.5	58.9	93	15.511	0.0	250.0	106.95	1723.7	0.00	0.000	-0.27
700.00	17464	0	16701	31	121.4	0.00	13.5	58.9	93	15.510	0.0	250.0	106.94	1723.7	0.00	0.000	-0.27
701.00	17357	0	16770	15	121.1	0.00	13.6	58.9	94	15.520	0.0	250.0	107.00	1723.7	0.00	0.000	-0.27
702.00	17220	0	16816	31	120.7	0.00	13.6	58.9	94	15.513	0.0	250.0	106.96	1723.7	0.00	0.000	-0.27
703.00	17556	0	16846	15	119.8	0.00	13.6	58.9	94	15.511	0.0	250.0	106.95	1723.7	0.00	0.000	-0.27
704.00	17678	0	16861	46	118.9	0.00	13.7	58.8	94	15.520	0.0	250.0	107.00	1723.7	0.00	0.000	-0.27
705.00	17579	0	16854	23	118.6	0.00	13.7	58.8	94	15.510	0.0	250.0	106.94	1723.7	0.00	0.000	-0.27
706.00	17586	0	16724	31	118.7	0.00	13.7	58.7	95	15.518	0.0	250.0	106.99	1723.7	0.00	0.000	-0.27
707.00	19333	0	17190	23	119.1	0.00	13.8	58.7	95	15.508	0.0	250.0	106.92	1723.7	0.00	0.000	-0.27
708.00	24499	0	20409	23	120.1	0.00	13.8	58.7	95	15.512	0.0	250.0	106.95	1723.7	0.00	0.000	-0.27
709.00	28214	0	27543	23	121.3	0.00	13.8	58.7	95	15.516	0.0	250.0	106.98	1723.7	0.00	0.000	-0.27
710.00	26650	0	30747	15	122.7	0.00	13.9	58.6	96	15.511	0.0	250.0	106.95	1723.7	0.00	0.000	-0.27
711.00	24232	0	28199	0	124.1	0.00	13.9	58.7	96	15.508	0.0	250.0	106.92	1723.7	0.00	0.000	-0.27
712.00	22828	0	24857	0	125.6	0.00	14.0	58.7	96	15.509	0.0	250.0	106.93	1723.7	0.00	0.000	-0.27
713.00	22172	0	22980	15	127.0	0.00	14.0	58.7	97	15.516	0.0	250.0	106.98	1723.7	0.00	0.000	-0.27
714.00	22240	0	22500	15	128.3	0.00	14.0	58.7	97	15.504	0.0	250.0	106.90	1723.7	0.00	0.000	-0.27
715.00	22683	0	22767	31	129.4	0.00	14.1	58.7	97	15.504	0.0	250.0	106.90	1723.7	0.00	0.000	-0.27
716.00	23370	0	23736	8	130.2	0.00	14.1	58.7	97	15.512	0.0	250.0	106.95	1723.7	0.00	0.000	-0.27
717.00	23774	0	24689	31	131.1	0.00	14.1	58.8	97	15.506	0.0	250.0	106.91	1723.7	0.00	0.000	-0.27
718.00	19898	0	23667	15	131.7	0.00	14.2	58.9	98	15.511	0.0	250.0	106.94	1723.7	0.00	0.000	-0.27
719.00	17579	0	18662	23	131.8	0.00	14.2	59.0	98	15.510	0.0	250.0	106.94	1723.7	0.00	0.000	-0.27
720.00	16976	0	16633	15	132.1	0.00	14.2	59.1	98	15.506	0.0	250.0	106.91	1723.7	0.00	0.000	-0.27
721.00	16892	0	16236	0	132.3	0.00	14.2	59.1	98	15.508	0.0	250.0	106.92	1723.7	0.00	0.000	-0.27
722.00	16823	0	16121	38	132.5	0.00	14.3	59.2	98	15.512	0.0	250.0	106.95	1723.7	0.00	0.000	-0.27
723.00	16762	0	16037	0	132.4	0.00	14.3	59.3	98	15.508	0.0	250.0	106.93	1723.7	0.00	0.000	-0.27
724.00	16678	0	15938	61	132.3	0.00	14.3	59.3	99	15.511	0.0	250.0	106.94	1723.7	0.00	0.000	-0.27
725.00	16640	0	16015	23	132.2	0.00	14.3	59.4	99	15.510	0.0	250.0	106.94	1723.7	0.00	0.000	-0.27
726.00	16892	0	15984	23	131.9	0.00	14.3	59.4	99	15.511	0.0	250.0	106.95	1723.7	0.00	0.000	-0.27
727.00	16739	0	15938	15	131.3	0.00	14.3	59.4	99	15.508	0.0	250.0	106.92	1723.7	0.00	0.000	-0.27
728.00	16617	0	15877	38	131.1	0.00	14.4	59.4	99	15.512	0.0	250.0	106.95	1723.7	0.00	0.000	-0.27
729.00	16526	0	15931	15	130.8	0.00	14.4	59.5	99	15.512	0.0	250.0	106.95	1723.7	0.00	0.000	-0.27
730.00	16442	0	15824	8	130.1	0.00	14.4	59.5	99	15.506	0.0	250.0	106.91	1723.7	0.00	0.000	-0.27
731.00	16755	0	15824	38	129.8	0.00	14.4	59.5	99	15.511	0.0	250.0	106.95	1723.7	0.00	0.000	-0.27
732.00	16617	0	15923	8	129.5	0.00	14.4	59.5	99	15.505	0.0	250.0	106.90	1723.7	0.00	0.000	-0.27
733.00	16564	0	15786	23	129.1	0.00	14.4	59.6	99	15.502	0.0	250.0	106.88	1723.7	0.00	0.000	-0.27
734.00	16533	0	15931	8	128.8	0.00	14.4	59.6	99	15.510	0.0	250.0	106.94	1723.7	0.00	0.000	-0.27
735.00	16663	0	15915	8	128.2	0.00	14.4	59.6	99	15.505	0.0	250.0	106.90	1723.7	0.00	0.000	-0.27
736.00	16800	0	15786	31	127.5	0.00	14.4	59.6	99	15.509	0.0	250.0	106.93	1723.7	0.00	0.000	-0.27
737.00	16671	0	15854	0	127.1	0.00	14.4	59.6	99	15.506	0.0	250.0	106.91	1723.7	0.00	0.000	-0.27
738.00	16762	0	15854	15	126.6	0.00	14.4	59.6	99	15.508	0.0	250.0	106.92	1723.7	0.00	0.000	-0.27
739.00	16648	0	15938	15	125.8	0.00	14.4	59.7	100	15.511	0.0	250.0	106.94	1723.7	0.00	0.000	-0.27
740.00	16709	0	15847	0	125.7	0.00	14.4	59.7	100	15.506	0.0	250.0	106.91	1723.7	0.00	0.000	-0.27
741.00	16717	0	15786	46	125.1	0.02	14.4	59.7	100	15.506	0.0	250.0	106.91	1723.7	0.00	0.000	-0.27
742.00	16701	0	15877	23	124.3	0.00	14.4	59.7	100	15.507	0.0	250.0	106.92	1723.7	0.00	0.000	-0.27
743.00	16640	0	15877	15	124.2	0.00	14.4	59.7	100	15.508	0.0	250.0	106.92	1723.7	0.00	0.000	-0.27
744.00	16564	0	15893	31	123.8	0.00	14.5	59.7	100	15.510	0.0	250.0	106.94	1723.7	0.00	0.000	-0.27
745.00	16602	0	15854	8	122.8	0.00	14.5	59.7	100	15.508	0.0	250.0	106.93	1723.7	0.00	0.000	-0.27
746.00	17174	0	15839	46	122.6	0.00	14.5	59.7	100	15.505	0.0	250.0	106.91	1723.7	0.00	0.000	-0.27
747.00	16648	0	15763	31	122.3	0.00	14.5	59.7	100	15.505	0.0	250.0	106.90	1723.7	0.00	0.000	-0.27
748.00	16778	0	15809	53	121.6	0.00	14.5	59.7	100	15.507	0.0	250.0	106.92	1723.7	0.00	0.000	-0.27
749.00	16739	0	15847	15	121.1	0.00	14.5	59.7	100	15.506	0.0	250.0	106.91	1723.7	0.00	0.000	-0.27
750.00	16617	0	15893	8	120.3	0.00	14.5	59.7	100	15.505	0.0	250.0	106.90	1723.7	0.00	0.000	-0.27
