Time (sec)	Detector 1 (uV)	Detector 2 (uV)	Detector 3 (uV)	Detector 4 (uV)	Temperature (deg C)	EC (mS/m)	MIP Pressure (psi)	MIP Flow (mL/min)	MIP Pressure (kPa)	HPT Press. (psi)	HPT Flow (mL/min)	HPT Line Press. (psi)	HPT Press. (kPa)	HPT Line Press. (kPa)	Depth (ft)	Depth (m)	HPT Screen Depth (ft)
0.00	15366	0	15206	0	128.5	0.00	9.7	41.1	67	15.658	0.0	250.0	107.96	1723.7	0.00	0.000	-0.27
1.00	15503	0	15229	0	129.4	0.00	9.7	41.1	67	15.653	0.0	250.0	107.92	1723.7	0.00	0.000	-0.27
2.00	15496	0	15137	0	129.9	0.00	9.7	41.1	67	15.653	0.0	250.0	107.92	1723.7	0.00	0.000	-0.27
3.00	15542	0	15107	0	131.2	0.00	9.7	41.1	67	15.657	0.0	250.0	107.95	1723.7	0.00	0.000	-0.27
4.00	15572	0	15061	8	132.2	0.00	9.7	41.1	67	15.651	0.0	250.0	107.91	1723.7	0.00	0.000	-0.27
5.00	15519	0	14946	8	132.7	0.00	9.7	41.1	67	15.650	0.0	250.0	107.91	1723.7	0.00	0.000	-0.27
6.00	15404	0	14840	0	132.8	0.00	9.7	41.1	67	15.653	0.0	250.0	107.92	1723.7	0.00	0.000	-0.27
7.00	15336	0	14901	15	133.0	0.00	9.7	41.1	67	15.649	0.0	250.0	107.89	1723.7	0.00	0.000	-0.27
8.00	15275	0	14786	0	133.1	0.00	9.7	41.1	67	15.655	0.0	250.0	107.94	1723.7	0.00	0.000	-0.27
9.00	15442	0	14817	15	133.4	0.00	9.7	41.1	67	15.656	0.0	250.0	107.95	1723.7	0.00	0.000	-0.27
10.00	15236	0	14718	0	133.4	0.00	9.7	41.1	67	15.650	0.0	250.0	107.90	1723.7	0.00	0.000	-0.27
11.00	15275	0	14389	0	133.2	0.00	9.7	41.1	67	15.650	0.0	250.0	107.90	1723.7	0.00	0.000	-0.27
12.00	15343	0	14328	23	132.9	0.00	9.7	41.1	67	15.654	0.0	250.0	107.93	1723.7	0.00	0.000	-0.27
13.00	15259	0	14313	31	132.6	0.00	9.7	41.1	67	15.655	0.0	250.0	107.94	1723.7	0.00	0.000	-0.27
14.00	15313	0	14176	15	132.4	0.00	9.7	41.1	67	15.652	0.0	250.0	107.92	1723.7	0.00	0.000	-0.27
15.00	15244	0	14100	23	132.1	0.00	9.7	41.1	67	15.653	0.0	250.0	107.92	1723.7	0.00	0.000	-0.27
16.00	15450	0	14138	0	131.5	0.00	9.7	41.1	67	15.659	0.0	250.0	107.96	1723.7	0.00	0.000	-0.27
17.00	15320	0	14145	8	131.3	0.00	9.7	41.1	67	15.652	0.0	250.0	107.92	1723.7	0.00	0.000	-0.27
18.00	15427	0	14092	8	131.0	0.00	9.7	41.1	67	15.655	0.0	250.0	107.94	1723.7	0.00	0.000	-0.27
19.00	15351	0	13977	15	130.3	0.00	9.7	41.1	67	15.656	0.0	250.0	107.94	1723.7	0.00	0.000	-0.27
20.00	15152	0	14031	23	129.8	0.00	9.7	41.1	67	15.651	0.0	250.0	107.91	1723.7	0.00	0.000	-0.27
21.00	15313	0	13939	0	129.6	0.00	9.7	41.1	67	15.656	0.0	250.0	107.94	1723.7	0.00	0.000	-0.27
22.00	15442	0	13871	15	129.1	0.00	9.7	41.1	67	15.655	0.0	250.0	107.94	1723.7	0.00	0.000	-0.27
23.00	15175	0	14046	31	128.7	0.00	9.7	41.1	67	15.656	0.0	250.0	107.94	1723.7	0.00	0.000	-0.27
24.00	15198	0	14000	0	128.2	0.00	9.7	41.1	67	15.660	0.0	250.0	107.97	1723.7	0.00	0.000	-0.27
25.00	15358	0	13794	0	127.5	0.00	9.7	41.1	67	15.656	0.0	250.0	107.94	1723.7	0.00	0.000	-0.27
26.00	15419	0	13810	15	127.1	0.00	9.7	41.1	67	15.654	0.0	250.0	107.93	1723.7	0.00	0.000	-0.27
27.00	15351	0	13710	0	126.8	0.00	9.7	41.1	67	15.656	0.0	250.0	107.94	1723.7	0.00	0.000	-0.27
28.00	15511	0	13817	8	126.1	0.00	9.7	41.1	67	15.651	0.0	250.0	107.91	1723.7	0.00	0.000	-0.27
29.00	15381	0	13764	8	125.6	0.00	9.7	41.1	67	15.647	0.0	250.0	107.88	1723.7	0.00	0.000	-0.27
30.00	15664	0	13749	8	125.4	0.00	9.7	41.1	67	15.657	0.0	250.0	107.95	1723.7	0.00	0.000	-0.27
31.00	15404	0	13749	0	124.8	0.00	9.7	41.1	67	15.656	0.0	250.0	107.94	1723.7	0.00	0.000	-0.27
32.00	15488	0	13604	0	124.0	0.00	9.7	41.1	67	15.654	0.0	250.0	107.93	1723.7	0.00	0.000	-0.27
33.00	15656	0	13581	46	123.9	0.00	9.7	41.1	67	15.657	0.0	250.0	107.95	1723.7	0.00	0.000	-0.27
34.00	15519	0	13604	0	123.3	0.00	9.7	41.1	67	15.649	0.0	250.0	107.90	1723.7	0.00	0.000	-0.27
35.00	15648	0	13588	0	122.7	0.00	9.7	41.1	67	15.649	0.0	250.0	107.90	1723.7	0.00	0.000	-0.27
36.00	15580	0	13535	23	122.6	0.00	9.7	41.1	67	15.656	0.0	250.0	107.94	1723.7	0.00	0.000	-0.27
37.00	15641	0	13497	0	122.2	0.00	9.7	41.1	67	15.657	0.0	250.0	107.95	1723.7	0.00	0.000	-0.27
38.00	15549	0	13428	23	121.7	0.00	9.7	41.1	67	15.651	0.0	250.0	107.91	1723.7	0.00	0.000	-0.27
39.00	15618	0	13390	8	120.8	0.00	9.7	41.1	67	15.654	0.0	250.0	107.93	1723.7	0.00	0.000	-0.27
40.00	15442	0	13337	15	120.8	0.00	9.7	41.1	67	15.648	0.0	250.0	107.89	1723.7	0.00	0.000	-0.27
41.00	15687	0	13436	23	120.5	0.00	9.7	41.1	67	15.649	0.0	250.0	107.90	1723.7	0.00	0.000	-0.27
42.00	15587	0	13421	23	119.9	0.00	9.7	41.1	67	15.653	0.0	250.0	107.92	1723.7	0.00	0.000	-0.27
43.00	15481	0	13283	8	119.7	0.00	9.7	41.1	67	15.654	0.0	250.0	107.93	1723.7	0.00	0.000	-0.27
44.00	15519	0	13298	0	119.8	0.00	9.7	41.1	67	15.647	0.0	250.0	107.88	1723.7	0.00	0.000	-0.27
45.00	15503	0	13298	8	120.1	0.00	9.7	41.1	67	15.654	0.0	250.0	107.93	1723.7	0.00	0.000	-0.27
46.00	15519	0	13283	8	120.6	0.00	9.7	41.1	67	15.653	0.0	250.0	107.92	1723.7	0.00	0.000	-0.27
47.00	15358	0	13298	23	122.0	0.00	9.7	41.1	67	15.646	0.0	250.0	107.87	1723.7	0.00	0.000	-0.27
48.00	15351	0	13237	38	123.5	0.00	9.7	41.1	67	15.656	0.0	250.0	107.94	1723.7	0.00	0.000	-0.27
49.00	15465	0	13115	0	124.7	0.00	9.7	41.1	67	15.651	0.0	250.0	107.91	1723.7	0.00	0.000	-0.27
50.00	15625	0	13222	8	126.1	0.00	9.7	41.1	67	15.650	0.0	250.0	107.90	1723.7	0.00	0.000	-0.27
51.00	15397	0	13207	15	126.9	0.00	9.7	41.1	67	15.658	0.0	250.0	107.96	1723.7	0.00	0.000	-0.27
52.00	15473	0	13138	15	127.1	0.00	9.7	41.1	67	15.653	0.0	250.0	107.92	1723.7	0.00	0.000	-0.27
53.00	15450	0	13131	8	127.4	0.00	9.7	41.1	67	15.652	0.0	250.0	107.92	1723.7	0.00	0.000	-0.27
54.00	15465	0	13138	38	127.5	0.00	9.7	41.1	67	15.654	0.0	250.0	107.93	1723.7	0.00	0.000	-0.27
55.00	15633	0	13123	8	127.3	0.00	9.7	41.1	67	15.648	0.0	250.0	107.89	1723.7	0.00	0.000	-0.27
56.00	15381	0	13115	0	126.5	0.00	9.7	41.1	67	15.648	0.0	250.0	107.89	1723.7	0.00	0.000	-0.27
57.00	15358	0	12993	0	125.4	0.00	9.7	41.1	67	15.652	0.0	250.0	107.91	1723.7	0.00	0.000	-0.27
58.00	15389	0	13092	23	124.7	0.00	9.7	41.1	67	15.646	0.0	250.0	107.88	1723.7	0.00	0.000	-0.27
59.00	15381	0	13070	23	123.7	0.00	9.7	41.1	67	15.648	0.0	250.0	107.89	1723.7	0.00	0.000	-0.27
60.00	15313	0	13039	0	122.8	0.00	9.7	41.1	67	15.653	0.0	250.0	107.93	1723.7	0.00	0.000	-0.27
61.00	15427	0	13077	15	121.9	0.00	9.7	41.1	67	15.651	0.0	250.0	107.91	1723.7	0.00	0.000	-0.27
62.00	15442	0	12993	23	121.6	0.00	9.7	41.1	67	15.653	0.0	250.0	107.93	1723.7	0.00	0.000	-0.27
63.00	15519	0	13031	31	121.1	0.00	9.7	41.1	67	15.656	0.0	250.0	107.95	1723.7	0.00	0.000	-0.27
64.00	15358	0	12963	8	120.0	0.00	9.7	41.1	67	15.649	0.0	250.0	107.90	1723.7	0.00	0.000	-0.27
65.00	15366	0	13016	15	119.8	0.00	9.7	41.1	67	15.655	0.0	250.0	107.94	1723.7	0.00	0.000	-0.27
66.00	15351	0	12947	8	119.3	0.00	9.7	41.1	67	15.655	0.0	250.0	107.94	1723.7	0.00	0.000	-0.27
67.00	15305	0	12940	0	118.6	0.00	9.7	41.1	67	15.654	0.0	250.0	107.93	1723.7	0.00	0.000	-0.27
68.00	15419	0	12741	15	118.5	0.00	9.7	41.0	67	15.651	0.0	250.0	107.91	1723.7	0.00	0.000	-0.27
69.00	15366	0	12909	15	118.4	0.00	9.7	41.1	67	15.656	0.0	250.0	107.94	1723.7	0.00	0.000	-0.27
70.00	15175	0	12871	23	118.6	0.00	9.7	41.1	67	15.652	0.0	250.0	107.92	1723.7	0.00	0.000	-0.27
71.00	15358	0	12909	31	118.9	0.00	9.7	41.1	67	15.651	0.0	250.0	107.91	1723.7	0.00	0.000	-0.27
72.00	15343	0	12917	8	120.1	0.00	9.7	41.1	67	15.654	0.0	250.0	107.93	1723.7	0.00	0.000	-0.27
73.00	15481	0	12764	15	120.4	0.00	9.7	41.1	67	15.653	0.0	250.0	107.92	1723.7	0.00	0.000	-0.27
74.00	15549	0	12803	0	121.2	0.00	9.7	41.0	67	15.651	0.0	250.0	107.91	1723.7	0.00	0.000	-0.27
75.00	15603	0	12795	31	123.2	0.00	9.7	41.1	67	15.653	0.0	250.0	107.92	1723.7	0.00	0.000	-0.27
76.00	15687	0	12711	15	124.1	0.00	9.7	41.1	67	15.650	0.0	250.0	107.91	1723.7	0.00	0.000	-0.27
77.00	15549	0	12772	31	125.5	0.00	9.7	41.0	67	15.649	0.0	250.0	107.89	1723.7	0.00	0.000	-0.27
78.00	15450	0	12749	46	126.5	0.00	9.7	41.1	67	15.655	0.0	250.0	107.94	1723.7	0.00	0.000	-0.27
79.00	15679	0	12734	38	127.0	0.00	9.7	41.1	67	15.652	0.0	250.0	107.92	1723.7	0.00	0.000	-0.27
80.00	15633	0	12795	23	128.1	0.00	9.7	41.0	67	15.654	0.0	250.0	107.93	1723.7	0.00	0.000	-0.27
81.00	15702	0	12696	8	129.4	0.00	9.7	41.1	67	15.653	0.0	250.0	107.92	1723.7	0.00	0.000	-0.27
82.00	15793	0	12719	0	129.6	0.00	9.7	41.1	67	15.652	0.0	250.0	107.92	1723.7	0.00	0.000	-0.27
83.00	15648	0	12673	0	129.7	0.00	9.7	41.0	67	15.650	0.0	250.0	107.90	1723.7	0.00	0.000	-0.27
84.00	16022	0	12688	0	129.8	0.00	9.7	41.1	67	15.646	0.0	250.0	107.87	1723.7	0.00	0.000	-0.27
85.00	15748	0	12650	0	129.8	0.00	9.7	41.1	67	15.654	0.0	250.0	107.93	1723.7	0.00	0.000	-0.27
86.00	15709	0	12612	23	129.6	0.00	9.7	41.1	67	15.649	0.0	250.0	107.89	1723.7	0.00	0.000	-0.27
87.00	15770	0	12665	8	129.2	0.00	9.7	41.1	67	15.656	0.0	250.0	107.94	1723.7	0.00	0.000	-0.27
88.00	15732	0	12604	8	128.4	0.00	9.7	41.1	67	15.654	0.0	250.0	107.93	1723.7	0.00	0.000	-0.27
89.00	15740	0	12688	31	128.1	0.00	9.7	41.0	67	15.647	0.0	250.0	107.88	1723.7	0.00	0.000	-0.27
90.00	15709	0	12635	0	127.6	0.00	9.7	41.1	67	15.654	0.0	250.0	107.93	1723.7	0.00	0.000	-0.27
91.00	15610	0	12627	15	126.6	0.00	9.7	41.1	67	15.651	0.0	250.0	107.91	1723.7	0.00	0.000	-0.27
92.00	15603	0	12566	0	126.0	0.00	9.7	41.0	67	15.651	0.0	250.0	107.91	1723.7	0.00	0.000	-0.27
93.00	15694	0	12589	8	125.6	0.00	9.7	41.1	67	15.652	0.0	250.0	107.91	1723.7	0.00	0.000	-0.27
94.00	15458	0	12558	0	124.5	0.00	9.7	41.1	67	15.649	0.0	250.0	107.90	1723.7	0.00	0.000	-0.27
95.00	15595	0	12535	15	123.5	0.00	9.7	41.1	67	15.648	0.0	250.0	107.89	1723.7	0.00	0.000	-0.27
96.00	15564	0	12497	8	123.1	0.00	9.7	41.1	67	15.656	0.0	250.0	107.95	1723.7	0.00	0.000	-0.27
97.00	15549	0	12513	0	122.5	0.00	9.7	41.1	67	15.653	0.0	250.0	107.92	1723.7	0.00	0.000	-0.27
98.00	15618	0	12497	8	121.2	0.00	9.7	41.0	67	15.647	0.0	250.0	107.88	1723.7	0.00	0.000	-0.27
99.00	15610	0	12551	0	120.2	0.00	9.7	41.0	67	15.656	0.0	250.0	107.95	1723.7	0.00	0.000	-0.27
100.00	15587	0	12360	31	119.5	0.00	9.7	41.0	67	15.656	0.0	250.0	107.94	1723.7	0.00	0.000	-0.27
101.00	15488	0	12474	0	118.8	0.00	9.7	41.0	67	15.653	0.0	250.0	107.92	1723.7	0.00	0.000	-0.27
102.00	15648	0	12337	8	118.2	0.00	9.7	41.0	67	15.652	0.0	250.0	107.92	1723.7	0.00	0.000	-0.27
103.00	15435	0	12513	15	118.0	0.00	9.7	41.0	67	15.654	0.0	250.0	107.93	1723.7	0.00	0.000	-0.27
104.00	15473	0	12421	0	117.9	0.00	9.7	41.0	67	15.651	0.0	250.0	107.91	1723.7	0.00	0.000	-0.27
105.00	15435	0	12421	0	117.9	0.00	9.7	41.0	67	15.656	0.0	250.0	107.94	1723.7	0.00	0.000	-0.27
106.00	15435	0	12452	0	118.1	0.00	9.7	41.0	67	15.653	0.0	250.0	107.92	1723.7	0.00	0.000	-0.27
107.00	15404	0	12375	0	119.0	0.00	9.7	41.0	67	15.649	0.0	250.0	107.90	1723.7	0.00	0.000	-0.27
108.00	15664	0	12421	15	119.9	0.00	9.7	41.0	67	15.653	0.0	250.0	107.93	1723.7	0.00	0.000	-0.27
109.00	15549	0	12383	0	120.7	0.00	9.7	41.0	67	15.653	0.0	250.0	107.92	1723.7	0.00	0.000	-0.27
110.00	15580	0	12406	0	121.5	0.00	9.7	41.0	67	15.652	0.0	250.0	107.92	1723.7	0.00	0.000	-0.27
111.00	15404	0	12391	8	122.7	0.00	9.7	41.0	67	15.656	0.0	250.0	107.94	1723.7	0.00	0.000	-0.27
112.00	15511	0	12429	8	123.9	0.00	9.7	41.0	67	15.655	0.0	250.0	107.94	1723.7	0.00	0.000	-0.27
113.00	15419	0	12345	31	125.1	0.00	9.7	41.0	67	15.651	0.0	250.0	107.91	1723.7	0.00	0.000	-0.27
114.00	15397	0	12352	0	126.5	0.00	9.7	41.0	67	15.656	0.0	250.0	107.94	1723.7	0.00	0.000	-0.27
115.00	15381	0	12299	15	127.9	0.00	9.7	41.0	67	15.649	0.0	250.0	107.90	1723.7	0.00	0.000	-0.27
116.00	15320	0	12352	0	128.7	0.00	9.7	41.0	67	15.649	0.0	250.0	107.90	1723.7	0.00	0.000	-0.27
117.00	15450	0	12360	0	129.4	0.00	9.7	41.0	67	15.654	0.0	250.0	107.93	1723.7	0.00	0.000	-0.27
118.00	15542	0	12337	0	130.6	0.00	9.7	41.0	67	15.654	0.0	250.0	107.93	1723.7	0.00	0.000	-0.27
119.00	15587	0	12307	0	131.6	0.00	9.7	41.0	67	15.647	0.0	250.0	107.88	1723.7	0.00	0.000	-0.27
120.00	15481	0	12291	15	132.4	0.00	9.7	41.1	67	15.653	0.0	250.0	107.92	1723.7	0.00	0.000	-0.27
121.00	15641	0	12360	8	132.6	0.00	9.7	41.1	67	15.652	0.0	250.0	107.92	1723.7	0.00	0.000	-0.27
122.00	15656	0	12360	8	132.9	0.00	9.7	41.1	67	15.647	0.0	250.0	107.88	1723.7	0.00	0.000	-0.27
123.00	15290	0	12383	8	133.3	0.00	9.7	41.1	67	15.657	0.0	250.0	107.95	1723.7	0.00	0.000	-0.27
124.00	15328	0	12383	8	133.6	0.00	9.7	41.1	67	15.652	0.0	250.0	107.92	1723.7	0.00	0.000	-0.27
125.00	15503	0	12406	23	133.6	0.00	9.7	41.1	67	15.649	0.0	250.0	107.90	1723.7	0.00	0.000	-0.27
126.00	15374	0	12360	8	133.7	0.00	9.7	41.1	67	15.652	0.0	250.0	107.92	1723.7	0.00	0.000	-0.27
127.00	15290	0	12276	23	133.6	0.00	9.7	41.1	67	15.649	0.0	250.0	107.89	1723.7	0.00	0.000	-0.27
128.00	15168	0	12307	15	133.5	0.00	9.7	41.0	67	15.647	0.0	250.0	107.88	1723.7	0.00	0.000	-0.27
129.00	15389	0	12238	8	133.5	0.00	9.7	41.1	67	15.653	0.0	250.0	107.92	1723.7	0.00	0.000	-0.27
130.00	15389	0	12299	15	133.3	0.00	9.7	41.0	67	15.649	0.0	250.0	107.90	1723.7	0.00	0.000	-0.27
131.00	15442	0	12299	8	133.0	0.00	9.7	41.0	67	15.652	0.0	250.0	107.92	1723.7	0.00	0.000	-0.27
132.00	15328	0	12284	0	132.6	0.00	9.7	41.1	67	15.654	0.0	250.0	107.93	1723.7	0.00	0.000	-0.27
133.00	15435	0	12246	8	132.3	0.00	9.7	41.1	67	15.650	0.0	250.0	107.90	1723.7	0.00	0.000	-0.27
134.00	15450	0	12368	31	132.0	0.00	9.7	41.0	67	15.648	0.0	250.0	107.89	1723.7	0.00	0.000	-0.27
135.00	15412	0	12322	0	131.5	0.00	9.7	41.0	67	15.654	0.0	250.0	107.93	1723.7	0.00	0.000	-0.27
136.00	15336	0	12398	15	131.1	0.00	9.7	41.0	67	15.648	0.0	250.0	107.89	1723.7	0.00	0.000	-0.27
137.00	15313	0	12497	8	131.0	0.00	9.7	41.1	67	15.649	0.0	250.0	107.89	1723.7	0.00	0.000	-0.27
138.00	15473	0	12413	15	130.6	0.00	9.7	41.1	67	15.651	0.0	250.0	107.91	1723.7	0.00	0.000	-0.27
139.00	15473	0	12459	0	129.8	0.00	9.7	41.1	67	15.646	0.0	250.0	107.87	1723.7	0.00	0.000	-0.27
140.00	15419	0	12543	8	129.7	0.00	9.7	41.0	67	15.653	0.0	250.0	107.92	1723.7	0.00	0.000	-0.27
141.00	15549	0	12619	8	129.3	0.00	9.7	41.1	67	15.657	0.0	250.0	107.95	1723.7	0.00	0.000	-0.27
142.00	15549	0	12734	8	128.6	0.00	9.7	41.1	67	15.651	0.0	250.0	107.91	1723.7	0.00	0.000	-0.27
143.00	15732	0	12886	8	128.3	0.00	9.7	41.1	67	15.651	0.0	250.0	107.91	1723.7	0.00	0.000	-0.27
144.00	15656	0	12848	0	128.0	0.00	9.7	41.1	67	15.653	0.0	250.0	107.92	1723.7	0.00	0.000	-0.27
145.00	15725	0	12841	15	127.3	0.00	9.7	41.1	67	15.651	0.0	250.0	107.91	1723.7	0.00	0.000	-0.27
146.00	15854	0	12963	8	126.7	0.00	9.7	41.0	67	15.650	0.0	250.0	107.91	1723.7	0.00	0.000	-0.27
147.00	15900	0	12925	8	126.6	0.00	9.7	41.1	67	15.657	0.0	250.0	107.95	1723.7	0.00	0.000	-0.27
148.00	15900	0	13047	8	126.2	0.00	9.7	41.1	67	15.656	0.0	250.0	107.94	1723.7	0.00	0.000	-0.27
149.00	15900	0	13092	23	125.5	0.00	9.7	41.0	67	15.649	0.0	250.0	107.90	1723.7	0.00	0.000	-0.27
150.00	16022	0	13077	0	125.1	0.00	9.7	41.1	67	15.653	0.0	250.0	107.92	1723.7	0.00	0.000	-0.27
151.00	16015	0	13215	15	124.8	0.00	9.7	41.1	67	15.653	0.0	250.0	107.92	1723.7	0.00	0.000	-0.27
152.00	16160	0	13344	8	124.5	0.00	9.7	41.0	67	15.649	0.0	250.0	107.90	1723.7	0.00	0.000	-0.27
153.00	16259	0	13436	8	123.9	0.00	9.7	41.0	67	15.649	0.0	250.0	107.90	1723.7	0.00	0.000	-0.27
154.00	16526	0	13581	15	123.6	0.00	9.7	41.0	67	15.655	0.0	250.0	107.93	1723.7	0.00	0.000	-0.27
155.00	16602	0	13565	8	123.3	0.00	9.7	41.0	67	15.650	0.0	250.0	107.90	1723.7	0.00	0.000	-0.27
156.00	16633	0	13688	0	122.5	0.00	9.7	41.1	67	15.651	0.0	250.0	107.91	1723.7	0.00	0.000	-0.27
157.00	16648	0	13802	15	122.2	0.00	9.7	41.0	67	15.652	0.0	250.0	107.92	1723.7	0.00	0.000	-0.27
158.00	17037	0	13916	0	121.9	0.00	9.7	41.0	67	15.648	0.0	250.0	107.89	1723.7	0.00	0.000	-0.27
159.00	17113	0	14023	8	121.7	0.00	9.7	41.0	67	15.655	0.0	250.0	107.94	1723.7	0.00	0.000	-0.27
160.00	17235	0	14130	23	121.1	0.00	9.7	41.0	67	15.654	0.0	250.0	107.93	1723.7	0.00	0.000	-0.27
161.00	17335	0	14252	0	120.8	0.00	9.7	41.0	67	15.645	0.0	250.0	107.87	1723.7	0.00	0.000	-0.27
162.00	17533	0	14359	8	120.5	0.00	9.7	41.0	67	15.655	0.0	250.0	107.94	1723.7	0.00	0.000	-0.27
163.00	17731	0	14557	15	119.9	0.00	9.7	41.0	67	15.653	0.0	250.0	107.92	1723.7	0.00	0.000	-0.27
164.00	17777	0	14748	15	119.6	0.00	9.7	41.0	67	15.646	0.0	250.0	107.88	1723.7	0.00	0.000	-0.27
165.00	17815	0	14779	15	119.9	0.00	9.7	41.0	67	15.650	0.0	250.0	107.90	1723.7	0.00	0.000	-0.27
166.00	18067	0	14840	0	120.0	0.00	9.7	41.0	67	15.650	0.0	250.0	107.90	1723.7	0.00	0.000	-0.27
167.00	18036	0	14870	15	120.5	0.00	9.7	41.0	67	15.648	0.0	250.0	107.89	1723.7	0.00	0.000	-0.27
168.00	18143	0	15007	0	121.8	0.00	9.7	41.0	67	15.651	0.0	250.0	107.91	1723.7	0.00	0.000	-0.27
169.00	18059	0	15023	23	123.1	0.00	9.7	41.0	67	15.650	0.0	250.0	107.90	1723.7	0.00	0.000	-0.27
170.00	18143	0	15107	23	124.4	0.00	9.7	41.0	67	15.649	0.0	250.0	107.89	1723.7	0.00	0.000	-0.27
171.00	18265	0	15229	15	125.9	0.00	9.7	41.0	67	15.656	0.0	250.0	107.95	1723.7	0.00	0.000	-0.27
172.00	18197	0	15145	8	127.1	0.00	9.7	41.0	67	15.650	0.0	250.0	107.90	1723.7	0.00	0.000	-0.27
173.00	18471	0	15191	8	128.4	0.00	9.7	41.0	67	15.648	0.0	250.0	107.89	1723.7	0.00	0.000	-0.27
174.00	18426	0	15152	0	129.5	0.00	9.7	41.0	67	15.652	0.0	250.0	107.92	1723.7	0.00	0.000	-0.27
175.00	18883	0	15336	0	129.7	0.00	9.7	41.0	67	15.645	0.0	250.0	107.87	1723.7	0.00	0.000	-0.27
176.00	19395	0	15671	38	130.3	0.00	9.7	41.0	67	15.644	0.0	250.0	107.86	1723.7	0.00	0.000	-0.27
177.00	19974	0	16259	0	131.2	0.00	9.7	41.0	67	15.656	0.0	250.0	107.94	1723.7	0.00	0.000	-0.27
178.00	20745	0	16808	8	131.4	0.00	9.7	41.0	67	15.654	0.0	250.0	107.93	1723.7	0.00	0.000	-0.27
179.00	21371	0	17418	15	131.7	0.00	9.7	41.0	67	15.650	0.0	250.0	107.90	1723.7	0.00	0.000	-0.27
180.00	21798	0	17930	15	132.1	0.00	9.7	41.0	67	15.650	0.0	250.0	107.91	1723.7	0.00	0.000	-0.27
181.00	22286	0	18212	15	132.1	0.00	9.7	41.0	67	15.649	0.0	250.0	107.89	1723.7	0.00	0.000	-0.27
182.00	22378	0	18548	0	132.1	0.00	9.7	41.0	67	15.651	0.0	250.0	107.91	1723.7	0.00	0.000	-0.27
183.00	22561	0	18571	0	132.1	0.00	9.7	41.0	67	15.654	0.0	250.0	107.93	1723.7	0.00	0.000	-0.27
184.00	22843	0	18403	15	132.0	0.00	9.7	41.0	67	15.647	0.0	250.0	107.88	1723.7	0.00	0.000	-0.27
185.00	23080	0	18235	8	131.8	0.00	9.7	41.0	67	15.650	0.0	250.0	107.91	1723.7	0.00	0.000	-0.27
186.00	23171	0	18052	0	131.6	0.00	9.7	41.0	67	15.654	0.0	250.0	107.93	1723.7	0.00	0.000	-0.27
187.00	23133	0	17708	8	131.3	0.00	9.7	41.0	67	15.656	0.0	250.0	107.95	1723.7	0.00	0.000	-0.27
188.00	23103	0	17472	38	130.9	0.00	9.7	41.0	67	15.646	0.0	250.0	107.88	1723.7	0.00	0.000	-0.27
189.00	23110	0	17174	15	130.6	0.00	9.7	41.0	67	15.652	0.0	250.0	107.92	1723.7	0.00	0.000	-0.27
190.00	22996	0	16892	0	130.3	0.00	9.7	41.0	67	15.651	0.0	250.0	107.91	1723.7	0.00	0.000	-0.27
191.00	23011	0	16640	38	129.9	0.00	9.7	41.0	67	15.650	0.0	250.0	107.91	1723.7	0.00	0.000	-0.27
192.00	22973	0	16457	15	129.3	0.00	9.7	41.0	67	15.652	0.0	250.0	107.92	1723.7	0.00	0.000	-0.27
193.00	22935	0	16243	0	129.1	0.00	9.7	41.0	67	15.654	0.0	250.0	107.93	1723.7	0.00	0.000	-0.27
194.00	22729	0	16152	31	128.8	0.00	9.7	41.0	67	15.645	0.0	250.0	107.87	1723.7	0.00	0.000	-0.27
195.00	22736	0	16167	8	128.2	0.00	9.7	41.0	67	15.651	0.0	250.0	107.91	1723.7	0.00	0.000	-0.27
196.00	22591	0	15938	15	127.7	0.00	9.7	41.0	67	15.649	0.0	250.0	107.90	1723.7	0.00	0.000	-0.27
197.00	22408	0	15755	8	127.4	0.00	9.7	41.0	67	15.649	0.0	250.0	107.90	1723.7	0.00	0.000	-0.27
198.00	22340	0	15725	8	127.0	0.00	9.7	41.0	67	15.651	0.0	250.0	107.91	1723.7	0.00	0.000	-0.27
199.00	22149	0	15473	8	126.4	0.00	9.7	41.0	67	15.652	0.0	250.0	107.92	1723.7	0.00	0.000	-0.27
200.00	21714	0	15282	0	126.1	0.00	9.7	41.0	67	15.652	0.0	250.0	107.92	1723.7	0.00	0.000	-0.27
201.00	21599	0	15221	8	125.7	0.00	9.7	41.0	67	15.653	0.0	250.0	107.92	1723.7	0.00	0.000	-0.27
202.00	21233	0	15023	8	125.3	0.00	9.7	41.0	67	15.648	0.0	250.0	107.89	1723.7	0.00	0.000	-0.27
203.00	21126	0	14740	15	125.0	0.00	9.7	41.0	67	15.646	0.0	250.0	107.88	1723.7	0.00	0.000	-0.27
204.00	20859	0	14534	8	124.4	0.00	9.7	41.0	67	15.650	0.0	250.0	107.90	1723.7	0.00	0.000	-0.27
205.00	20707	0	14473	8	123.9	0.00	9.7	41.0	67	15.645	0.0	250.0	107.87	1723.7	0.00	0.000	-0.27
206.00	20478	0	14336	0	123.6	0.00	9.7	41.0	67	15.648	0.0	250.0	107.89	1723.7	0.00	0.000	-0.27
207.00	20440	0	14214	8	123.1	0.00	9.7	41.0	67	15.650	0.0	250.0	107.91	1723.7	0.00	0.000	-0.27
208.00	20341	0	14023	15	122.6	0.00	9.7	41.0	67	15.648	0.0	250.0	107.89	1723.7	0.00	0.000	-0.27
209.00	20089	0	13863	0	122.4	0.00	9.7	41.0	67	15.651	0.0	250.0	107.91	1723.7	0.00	0.000	-0.27
210.00	20096	0	13703	8	122.2	0.00	9.7	41.0	67	15.653	0.0	250.0	107.92	1723.7	0.00	0.000	-0.27
211.00	20234	0	13504	8	121.4	0.00	9.7	41.0	67	15.654	0.0	250.0	107.93	1723.7	0.00	0.000	-0.27
212.00	20287	0	13497	15	120.9	0.00	9.7	41.0	67	15.646	0.0	250.0	107.88	1723.7	0.00	0.000	-0.27
213.00	20257	0	13451	8	120.8	0.00	9.7	41.0	67	15.647	0.0	250.0	107.88	1723.7	0.00	0.000	-0.27
214.00	20379	0	13291	0	120.3	0.00	9.7	41.0	67	15.657	0.0	250.0	107.95	1723.7	0.00	0.000	-0.27
215.00	20592	0	13092	23	120.1	0.00	9.7	41.0	67	15.647	0.0	250.0	107.88	1723.7	0.00	0.000	-0.27
216.00	20753	0	13100	8	120.0	0.00	9.7	41.0	67	15.651	0.0	250.0	107.91	1723.7	0.00	0.000	-0.27
217.00	21134	0	13009	23	120.1	0.00	9.7	41.0	67	15.647	0.0	250.0	107.89	1723.7	0.00	0.000	-0.27
218.00	21424	0	12970	8	120.4	0.00	9.7	41.0	67	15.655	0.0	250.0	107.94	1723.7	0.00	0.000	-0.27
219.00	22004	0	12917	23	121.6	0.00	9.7	41.0	67	15.651	0.0	250.0	107.91	1723.7	0.00	0.000	-0.27
220.00	22507	0	12909	0	122.8	0.00	9.7	41.0	67	15.655	0.0	250.0	107.94	1723.7	0.00	0.000	-0.27
221.00	23011	0	12871	15	124.1	0.00	9.7	41.0	67	15.649	0.0	250.0	107.89	1723.7	0.00	0.000	-0.27
222.00	23476	0	12772	8	125.5	0.00	9.7	41.0	67	15.650	0.0	250.0	107.91	1723.7	0.00	0.000	-0.27
223.00	25941	0	12658	15	126.8	0.00	9.7	41.0	67	15.653	0.0	250.0	107.93	1723.7	0.00	0.000	-0.27
224.00	59046	0	12650	0	128.0	0.00	9.7	41.0	67	15.651	0.0	250.0	107.91	1723.7	0.00	0.000	-0.27
225.00	96240	0	13153	0	129.2	0.00	9.7	41.0	67	15.651	0.0	250.0	107.91	1723.7	0.00	0.000	-0.27
226.00	108776	0	13421	8	130.1	0.00	9.7	41.0	67	15.652	0.0	250.0	107.92	1723.7	0.00	0.000	-0.27
227.00	124294	0	13550	8	130.4	0.00	9.7	40.9	67	15.647	0.0	250.0	107.89	1723.7	0.00	0.000	-0.27
228.00	142689	0	13581	0	130.8	0.00	9.7	41.0	67	15.652	0.0	250.0	107.92	1723.7	0.00	0.000	-0.27
229.00	152417	0	13649	0	131.5	0.00	9.7	41.0	67	15.653	0.0	250.0	107.92	1723.7	0.00	0.000	-0.27
230.00	142354	0	13672	15	132.1	0.00	9.7	41.0	67	15.645	0.0	250.0	107.87	1723.7	0.00	0.000	-0.27
231.00	95744	0	13581	8	132.2	0.00	9.7	41.0	67	15.656	0.0	250.0	107.94	1723.7	0.00	0.000	-0.27
232.00	62250	0	13169	8	132.2	0.00	9.7	41.0	67	15.652	0.0	250.0	107.91	1723.7	0.00	0.000	-0.27
233.00	47052	0	12940	8	132.4	0.00	9.7	41.0	67	15.648	0.0	250.0	107.89	1723.7	0.00	0.000	-0.27
234.00	39590	0	12642	0	132.4	0.00	9.7	41.0	67	15.654	0.0	250.0	107.93	1723.7	0.00	0.000	-0.27
235.00	35295	0	12558	8	132.3	0.00	9.7	41.0	67	15.650	0.0	250.0	107.90	1723.7	0.00	0.000	-0.27
236.00	32708	0	12474	8	132.1	0.00	9.7	40.9	67	15.651	0.0	250.0	107.91	1723.7	0.00	0.000	-0.27
237.00	30854	0	12436	15	131.9	0.00	9.7	41.0	67	15.650	0.0	250.0	107.90	1723.7	0.00	0.000	-0.27
238.00	29664	0	12543	0	131.7	0.00	9.7	41.0	67	15.646	0.0	250.0	107.87	1723.7	0.00	0.000	-0.27
239.00	28542	0	12452	8	131.2	0.00	9.7	41.0	67	15.649	0.0	250.0	107.90	1723.7	0.00	0.000	-0.27
240.00	27863	0	12406	0	130.7	0.00	9.7	41.0	67	15.653	0.0	250.0	107.93	1723.7	0.00	0.000	-0.27
241.00	27406	0	12436	15	130.3	0.00	9.7	41.0	67	15.652	0.0	250.0	107.92	1723.7	0.00	0.000	-0.27
242.00	26734	0	12452	8	130.2	0.00	9.7	40.9	67	15.648	0.0	250.0	107.89	1723.7	0.00	0.000	-0.27
243.00	26276	0	12391	8	129.9	0.00	9.7	41.0	67	15.654	0.0	250.0	107.93	1723.7	0.00	0.000	-0.27
244.00	26101	0	12391	0	129.2	0.00	9.7	41.0	67	15.652	0.0	250.0	107.92	1723.7	0.00	0.000	-0.27
245.00	25925	0	12352	0	128.6	0.00	9.7	41.0	67	15.651	0.0	250.0	107.91	1723.7	0.00	0.000	-0.27
246.00	25498	0	12360	15	128.5	0.00	9.7	41.0	67	15.651	0.0	250.0	107.91	1723.7	0.00	0.000	-0.27
247.00	25369	0	12337	8	128.1	0.00	9.7	40.9	67	15.650	0.0	250.0	107.90	1723.7	0.00	0.000	-0.27
248.00	25239	0	12391	0	127.5	0.00	9.7	40.9	67	15.646	0.0	250.0	107.87	1723.7	0.00	0.000	-0.27
249.00	25178	0	12345	0	127.2	0.00	9.7	41.0	67	15.649	0.0	250.0	107.90	1723.7	0.00	0.000	-0.27
250.00	25056	0	12383	0	126.7	0.00	9.7	41.0	67	15.652	0.0	250.0	107.92	1723.7	0.00	0.000	-0.27
251.00	24987	0	12345	0	126.1	0.00	9.7	40.9	67	15.647	0.0	250.0	107.89	1723.7	0.00	0.000	-0.27
252.00	25086	0	12413	8	125.9	0.00	9.7	40.9	67	15.653	0.0	250.0	107.92	1723.7	0.00	0.000	-0.27
253.00	24957	0	12307	8	125.4	0.00	9.7	40.9	67	15.649	0.0	250.0	107.90	1723.7	0.00	0.000	-0.27
254.00	25018	0	12352	8	124.8	0.00	9.7	40.9	67	15.647	0.0	250.0	107.88	1723.7	0.00	0.000	-0.27
255.00	24957	0	12421	15	124.6	0.00	9.7	40.9	67	15.651	0.0	250.0	107.91	1723.7	0.00	0.000	-0.27
256.00	24964	0	12307	0	124.3	0.00	9.7	40.9	67	15.648	0.0	250.0	107.89	1723.7	0.00	0.000	-0.27
257.00	25117	0	12246	23	123.8	0.00	9.7	40.9	67	15.655	0.0	250.0	107.93	1723.7	0.00	0.000	-0.27
258.00	25224	0	12146	0	123.3	0.00	9.7	40.9	67	15.655	0.0	250.0	107.94	1723.7	0.00	0.000	-0.27
259.00	25369	0	12360	0	123.0	0.00	9.7	40.9	67	15.651	0.0	250.0	107.91	1723.7	0.00	0.000	-0.27
260.00	25254	0	12309	0	122.7	0.00	9.7	40.9	67	15.647	0.0	250.0	107.88	1723.7	0.00	0.000	-0.27
