Time (sec)	Detector 1 (uV)	Detector 2 (uV)	Detector 3 (uV)	Detector 4 (uV)	Temperature (deg C)	EC (mS/m)	MIP Pressure (psi)	MIP Flow (mL/min)	MIP Pressure (kPa)	HPT Press. (psi)	HPT Flow (mL/min)	HPT Line Press. (psi)	HPT Press. (kPa)	HPT Line Press. (kPa)	Depth (ft)	Depth (m)	HPT Screen Depth (ft)
0.00	17243	0	10529	0	121.4	0.00	12.4	60.1	85	15.537	0.0	250.0	107.13	1723.7	0.00	0.000	-0.27
1.00	16923	0	10712	38	121.2	0.00	12.4	60.0	85	15.537	0.0	250.0	107.12	1723.7	0.00	0.000	-0.27
2.00	17060	0	10651	0	120.7	0.00	12.4	60.0	85	15.529	0.0	250.0	107.07	1723.7	0.00	0.000	-0.27
3.00	17121	0	10659	15	120.6	0.00	12.4	60.0	85	15.532	0.0	250.0	107.09	1723.7	0.00	0.000	-0.27
4.00	16991	0	10659	61	120.4	0.00	12.4	60.0	85	15.522	0.0	250.0	107.02	1723.7	0.00	0.000	-0.27
5.00	16991	0	10720	46	120.1	0.00	12.4	60.0	85	15.527	0.0	250.0	107.06	1723.7	0.00	0.000	-0.27
6.00	16930	0	10567	38	120.0	0.00	12.4	60.0	85	15.541	0.0	250.0	107.15	1723.7	0.00	0.000	-0.27
7.00	17022	0	10689	15	120.2	0.00	12.4	59.9	85	15.532	0.0	250.0	107.09	1723.7	0.00	0.000	-0.27
8.00	16991	0	10659	69	120.9	0.00	12.3	59.8	85	15.529	0.0	250.0	107.07	1723.7	0.00	0.000	-0.27
9.00	17174	0	10666	0	121.9	0.00	12.3	56.6	85	15.527	0.0	250.0	107.05	1723.7	0.00	0.000	-0.27
10.00	17136	0	10727	15	122.6	0.00	12.1	49.6	84	15.522	0.0	250.0	107.02	1723.7	0.00	0.000	-0.27
11.00	17067	0	10620	8	124.4	0.00	11.8	45.4	82	15.520	0.0	250.0	107.00	1723.7	0.00	0.000	-0.27
12.00	17098	0	10689	31	126.6	0.00	11.7	44.8	80	15.539	0.0	250.0	107.14	1723.7	0.00	0.000	-0.27
13.00	16854	0	10659	23	128.0	0.00	11.5	44.3	79	15.540	0.0	250.0	107.14	1723.7	0.00	0.000	-0.27
14.00	17022	0	10659	0	129.1	0.00	11.3	43.9	78	15.533	0.0	250.0	107.10	1723.7	0.00	0.000	-0.27
15.00	16991	0	10666	31	130.2	0.00	11.2	43.2	77	15.535	0.0	250.0	107.11	1723.7	0.00	0.000	-0.27
16.00	17022	0	10681	31	131.0	0.00	11.1	42.7	76	15.525	0.0	250.0	107.04	1723.7	0.00	0.000	-0.27
17.00	16923	0	10636	8	131.7	0.00	11.0	42.4	76	15.520	0.0	250.0	107.01	1723.7	0.00	0.000	-0.27
18.00	17014	0	10666	53	132.3	0.00	10.9	42.1	75	15.526	0.0	250.0	107.05	1723.7	0.00	0.000	-0.27
19.00	17022	0	10643	31	132.3	0.00	10.8	41.9	74	15.538	0.0	250.0	107.13	1723.7	0.00	0.000	-0.27
20.00	17144	0	10712	38	132.4	0.00	10.7	41.6	74	15.536	0.0	250.0	107.12	1723.7	0.00	0.000	-0.27
21.00	17045	0	10666	31	132.7	0.00	10.6	41.5	73	15.533	0.0	250.0	107.10	1723.7	0.00	0.000	-0.27
22.00	17136	0	10796	31	132.7	0.00	10.5	41.3	72	15.528	0.0	250.0	107.06	1723.7	0.00	0.000	-0.27
23.00	17159	0	10643	8	132.6	0.00	10.4	41.1	72	15.528	0.0	250.0	107.06	1723.7	0.00	0.000	-0.27
24.00	16907	0	10674	23	132.6	0.00	10.3	41.0	71	15.527	0.0	250.0	107.05	1723.7	0.00	0.000	-0.27
25.00	17006	0	10659	8	132.4	0.00	10.3	40.9	71	15.524	0.0	250.0	107.03	1723.7	0.00	0.000	-0.27
26.00	17029	0	10666	15	132.3	0.00	10.2	40.8	70	15.518	0.0	250.0	106.99	1723.7	0.00	0.000	-0.27
27.00	16968	0	10681	8	132.2	0.00	10.1	40.7	70	15.533	0.0	250.0	107.09	1723.7	0.00	0.000	-0.27
28.00	17022	0	10735	8	131.6	0.00	10.1	40.6	69	15.538	0.0	250.0	107.13	1723.7	0.00	0.000	-0.27
29.00	17037	0	10666	23	131.1	0.00	10.0	40.5	69	15.533	0.0	250.0	107.10	1723.7	0.00	0.000	-0.27
30.00	16831	0	10620	31	131.1	0.00	10.0	40.4	69	15.535	0.0	250.0	107.11	1723.7	0.00	0.000	-0.27
31.00	17052	0	10643	0	130.8	0.00	9.9	40.3	68	15.530	0.0	250.0	107.07	1723.7	0.00	0.000	-0.27
32.00	17106	0	10651	15	130.4	0.00	9.9	40.2	68	15.528	0.0	250.0	107.06	1723.7	0.00	0.000	-0.27
33.00	17144	0	10681	15	130.2	0.00	9.8	40.2	68	15.526	0.0	250.0	107.05	1723.7	0.00	0.000	-0.27
34.00	17075	0	10689	15	129.7	0.00	9.8	40.1	67	15.522	0.0	250.0	107.02	1723.7	0.00	0.000	-0.27
35.00	17090	0	10666	15	129.1	0.00	9.7	40.0	67	15.530	0.0	250.0	107.08	1723.7	0.00	0.000	-0.27
36.00	17060	0	10659	61	128.8	0.00	9.7	40.0	67	15.539	0.0	250.0	107.14	1723.7	0.00	0.000	-0.27
37.00	17029	0	10735	46	128.2	0.00	9.6	39.9	66	15.539	0.0	250.0	107.14	1723.7	0.00	0.000	-0.27
38.00	17090	0	10689	8	127.5	0.00	9.6	39.9	66	15.531	0.0	250.0	107.08	1723.7	0.00	0.000	-0.27
39.00	16991	0	10628	15	127.4	0.00	9.5	39.8	66	15.532	0.0	250.0	107.09	1723.7	0.00	0.000	-0.27
40.00	17129	0	10689	31	127.2	0.00	9.5	39.7	66	15.526	0.0	250.0	107.05	1723.7	0.00	0.000	-0.27
41.00	17136	0	10697	8	126.8	0.00	9.5	39.7	65	15.523	0.0	250.0	107.03	1723.7	0.00	0.000	-0.27
42.00	17197	0	10620	8	126.2	0.00	9.4	39.9	65	15.525	0.0	250.0	107.04	1723.7	0.00	0.000	-0.27
43.00	17151	0	10498	31	125.9	0.00	9.4	39.8	65	15.520	0.0	250.0	107.00	1723.7	0.00	0.000	-0.27
44.00	17052	0	10620	15	125.6	0.00	9.4	39.8	65	15.535	0.0	250.0	107.11	1723.7	0.00	0.000	-0.27
45.00	17144	0	10552	53	124.9	0.00	9.4	39.7	65	15.536	0.0	250.0	107.12	1723.7	0.00	0.000	-0.27
46.00	17190	0	10605	38	124.7	0.00	9.3	39.7	64	15.534	0.0	250.0	107.10	1723.7	0.00	0.000	-0.27
47.00	16968	0	10582	15	124.4	0.00	9.3	39.7	64	15.529	0.0	250.0	107.07	1723.7	0.00	0.000	-0.27
48.00	17121	0	10681	38	124.0	0.00	9.3	39.7	64	15.532	0.0	250.0	107.09	1723.7	0.00	0.000	-0.27
49.00	17121	0	10651	53	123.4	0.00	9.3	39.6	64	15.524	0.0	250.0	107.04	1723.7	0.00	0.000	-0.27
50.00	17060	0	10643	23	123.2	0.00	9.2	39.6	64	15.523	0.0	250.0	107.03	1723.7	0.00	0.000	-0.27
51.00	16968	0	10620	23	122.9	0.00	9.2	39.6	63	15.527	0.0	250.0	107.06	1723.7	0.00	0.000	-0.27
52.00	17098	0	10674	15	122.3	0.00	9.2	39.5	63	15.537	0.0	250.0	107.12	1723.7	0.00	0.000	-0.27
53.00	17052	0	10659	15	122.0	0.00	9.2	39.5	63	15.533	0.0	250.0	107.09	1723.7	0.00	0.000	-0.27
54.00	17136	0	10842	31	121.8	0.00	9.1	39.6	63	15.542	0.0	250.0	107.16	1723.7	0.00	0.000	-0.27
55.00	17205	0	10598	31	121.5	0.00	9.1	39.8	63	15.525	0.0	250.0	107.04	1723.7	0.00	0.000	-0.27
56.00	17129	0	10552	0	120.8	0.00	9.1	39.8	63	15.537	0.0	250.0	107.13	1723.7	0.00	0.000	-0.27
57.00	17266	0	10590	38	120.7	0.00	9.1	39.7	63	15.515	0.0	250.0	106.97	1723.7	0.00	0.000	-0.27
58.00	17098	0	10636	31	120.6	0.00	9.1	39.6	63	15.522	0.0	250.0	107.02	1723.7	0.00	0.000	-0.27
59.00	17106	0	10697	38	120.4	0.00	9.1	39.6	63	15.526	0.0	250.0	107.05	1723.7	0.00	0.000	-0.27
60.00	17067	0	10666	15	120.3	0.00	9.1	39.6	62	15.549	0.0	250.0	107.20	1723.7	0.00	0.000	-0.27
61.00	17075	0	10697	23	120.4	0.00	9.1	39.6	62	15.539	0.0	250.0	107.14	1723.7	0.00	0.000	-0.27
62.00	17098	0	10620	31	120.8	0.00	9.0	39.5	62	15.529	0.0	250.0	107.07	1723.7	0.00	0.000	-0.27
63.00	17067	0	10620	0	122.3	0.00	9.0	39.5	62	15.531	0.0	250.0	107.08	1723.7	0.00	0.000	-0.27
64.00	16976	0	10590	23	123.8	0.00	9.0	39.5	62	15.517	0.0	250.0	106.99	1723.7	0.00	0.000	-0.27
65.00	17129	0	10674	61	125.0	0.00	9.0	39.5	62	15.527	0.0	250.0	107.05	1723.7	0.00	0.000	-0.27
66.00	17106	0	10575	15	126.7	0.00	9.0	39.5	62	15.539	0.0	250.0	107.14	1723.7	0.00	0.000	-0.27
67.00	17304	0	10521	15	128.2	0.00	9.0	39.4	62	15.530	0.0	250.0	107.07	1723.7	0.00	0.000	-0.27
68.00	17151	0	10628	15	129.6	0.00	9.0	39.4	62	15.529	0.0	250.0	107.07	1723.7	0.00	0.000	-0.27
69.00	17106	0	10643	8	130.7	0.00	9.0	39.4	62	15.536	0.0	250.0	107.12	1723.7	0.00	0.000	-0.27
70.00	17037	0	10659	46	131.5	0.00	8.9	39.4	62	15.525	0.0	250.0	107.04	1723.7	0.00	0.000	-0.27
71.00	17136	0	10636	15	132.4	0.00	8.9	39.9	62	15.521	0.0	250.0	107.01	1723.7	0.00	0.000	-0.27
72.00	17090	0	10567	15	132.9	0.00	9.0	40.4	62	15.541	0.0	250.0	107.15	1723.7	0.00	0.000	-0.27
73.00	17022	0	10575	15	133.1	0.00	9.0	40.7	62	15.528	0.0	250.0	107.06	1723.7	0.00	0.000	-0.27
74.00	17022	0	10704	23	133.2	0.00	9.0	40.8	62	15.535	0.0	250.0	107.11	1723.7	0.00	0.000	-0.27
75.00	17174	0	10636	31	133.4	0.00	9.0	40.9	62	15.538	0.0	250.0	107.13	1723.7	0.00	0.000	-0.27
76.00	17235	0	10575	46	133.6	0.00	9.0	40.9	62	15.526	0.0	250.0	107.05	1723.7	0.00	0.000	-0.27
77.00	17174	0	10582	61	133.6	0.00	9.0	40.9	62	15.530	0.0	250.0	107.07	1723.7	0.00	0.000	-0.27
78.00	17083	0	10483	38	133.6	0.00	9.0	40.9	62	15.525	0.0	250.0	107.04	1723.7	0.00	0.000	-0.27
79.00	17212	0	10567	23	133.5	0.00	9.0	41.0	62	15.524	0.0	250.0	107.03	1723.7	0.00	0.000	-0.27
80.00	17159	0	10529	8	133.2	0.00	9.0	41.0	62	15.516	0.0	250.0	106.98	1723.7	0.00	0.000	-0.27
81.00	17197	0	10613	31	132.8	0.00	9.0	41.0	62	15.541	0.0	250.0	107.15	1723.7	0.00	0.000	-0.27
82.00	17212	0	10521	15	132.3	0.00	9.0	41.0	62	15.534	0.0	250.0	107.10	1723.7	0.00	0.000	-0.27
83.00	17106	0	10674	23	132.3	0.00	9.0	41.0	62	15.529	0.0	250.0	107.07	1723.7	0.00	0.000	-0.27
84.00	17182	0	10643	38	132.2	0.00	9.0	41.0	62	15.529	0.0	250.0	107.07	1723.7	0.00	0.000	-0.27
85.00	17045	0	10575	15	131.9	0.00	9.0	41.0	62	15.525	0.0	250.0	107.04	1723.7	0.00	0.000	-0.27
86.00	17113	0	10659	38	131.3	0.00	9.0	41.0	62	15.524	0.0	250.0	107.03	1723.7	0.00	0.000	-0.27
87.00	17151	0	10590	15	130.9	0.00	9.0	41.1	62	15.516	0.0	250.0	106.98	1723.7	0.00	0.000	-0.27
88.00	17121	0	10613	23	130.7	0.00	9.0	41.1	62	15.528	0.0	250.0	107.06	1723.7	0.00	0.000	-0.27
89.00	17151	0	10567	8	130.1	0.00	9.0	41.0	62	15.535	0.0	250.0	107.11	1723.7	0.00	0.000	-0.27
90.00	17159	0	10636	15	129.5	0.00	9.0	41.1	62	15.532	0.0	250.0	107.09	1723.7	0.00	0.000	-0.27
91.00	17144	0	10559	53	129.3	0.00	9.0	41.1	62	15.531	0.0	250.0	107.09	1723.7	0.00	0.000	-0.27
92.00	17220	0	10544	15	128.8	0.00	9.0	41.1	62	15.522	0.0	250.0	107.02	1723.7	0.00	0.000	-0.27
93.00	17212	0	10567	15	128.6	0.00	9.0	41.1	62	15.528	0.0	250.0	107.06	1723.7	0.00	0.000	-0.27
94.00	17182	0	10590	61	128.2	0.00	9.0	41.1	62	15.529	0.0	250.0	107.07	1723.7	0.00	0.000	-0.27
95.00	17075	0	10529	8	127.1	0.00	9.0	41.1	62	15.519	0.0	250.0	107.00	1723.7	0.00	0.000	-0.27
96.00	17335	0	10544	8	127.1	0.00	9.0	41.1	62	15.534	0.0	250.0	107.10	1723.7	0.00	0.000	-0.27
97.00	16999	0	10590	38	126.9	0.00	9.0	41.1	62	15.537	0.0	250.0	107.12	1723.7	0.00	0.000	-0.27
98.00	17106	0	10605	0	126.4	0.00	9.0	41.1	62	15.530	0.0	250.0	107.08	1723.7	0.00	0.000	-0.27
99.00	17151	0	10636	38	125.7	0.00	9.0	41.1	62	15.542	0.0	250.0	107.16	1723.7	0.00	0.000	-0.27
100.00	17151	0	10620	31	125.5	0.00	9.0	41.1	62	15.526	0.0	250.0	107.05	1723.7	0.00	0.000	-0.27
101.00	17388	0	10521	23	125.2	0.00	9.0	41.1	62	15.525	0.0	250.0	107.04	1723.7	0.00	0.000	-0.27
102.00	17197	0	10697	15	124.6	0.00	9.0	41.1	62	15.532	0.0	250.0	107.09	1723.7	0.00	0.000	-0.27
103.00	17113	0	10697	23	124.1	0.00	9.0	41.1	62	15.529	0.0	250.0	107.07	1723.7	0.00	0.000	-0.27
104.00	17098	0	10605	46	123.8	0.00	9.0	41.1	62	15.517	0.0	250.0	106.98	1723.7	0.00	0.000	-0.27
105.00	17144	0	10697	15	123.7	0.00	9.0	41.1	62	15.529	0.0	250.0	107.07	1723.7	0.00	0.000	-0.27
106.00	16999	0	10620	23	123.5	0.00	9.0	41.1	62	15.541	0.0	250.0	107.15	1723.7	0.00	0.000	-0.27
107.00	16976	0	10628	23	123.0	0.00	9.0	41.1	62	15.525	0.0	250.0	107.04	1723.7	0.00	0.000	-0.27
108.00	16945	0	10628	23	122.4	0.00	9.1	41.1	62	15.529	0.0	250.0	107.07	1723.7	0.00	0.000	-0.27
109.00	17029	0	10689	53	122.1	0.00	9.1	41.1	62	15.533	0.0	250.0	107.10	1723.7	0.00	0.000	-0.27
110.00	17190	0	11032	23	121.9	0.00	9.1	41.1	62	15.520	0.0	250.0	107.01	1723.7	0.00	0.000	-0.27
111.00	17106	0	12276	8	121.7	0.00	9.1	41.1	62	15.533	0.0	250.0	107.10	1723.7	0.00	0.000	-0.27
112.00	17304	0	12566	61	121.3	0.00	9.1	41.0	62	15.534	0.0	250.0	107.10	1723.7	0.00	0.000	-0.27
113.00	16999	0	12658	46	120.6	0.00	9.1	41.0	62	15.528	0.0	250.0	107.06	1723.7	0.00	0.000	-0.27
114.00	17212	0	12673	53	120.2	0.00	9.1	40.9	62	15.531	0.0	250.0	107.09	1723.7	0.00	0.000	-0.27
115.00	17151	0	12581	8	119.9	0.01	9.1	40.8	63	15.529	0.0	250.0	107.07	1723.7	0.00	0.000	-0.27
116.00	17113	0	12505	23	119.8	0.00	9.1	40.7	63	15.521	0.0	250.0	107.01	1723.7	0.00	0.000	-0.27
117.00	16930	0	12551	31	119.8	0.00	9.1	40.6	63	15.527	0.0	250.0	107.06	1723.7	0.00	0.000	-0.27
118.00	17098	0	12635	8	120.0	0.00	9.1	40.5	63	15.522	0.0	250.0	107.02	1723.7	0.00	0.000	-0.27
119.00	17251	0	12581	31	120.8	0.00	9.1	40.5	63	15.523	0.0	250.0	107.03	1723.7	0.00	0.000	-0.27
120.00	17411	0	12604	31	121.8	0.00	9.1	40.5	63	15.525	0.0	250.0	107.04	1723.7	0.00	0.000	-0.27
121.00	17502	0	12635	38	123.2	0.00	9.2	40.4	63	15.533	0.0	250.0	107.09	1723.7	0.00	0.000	-0.27
122.00	17586	0	12490	0	124.6	0.00	9.2	40.4	63	15.539	0.0	250.0	107.14	1723.7	0.00	0.000	-0.27
123.00	17602	0	12566	53	125.9	0.00	9.2	40.4	63	15.520	0.0	250.0	107.01	1723.7	0.00	0.000	-0.27
124.00	17655	0	12459	15	126.5	0.00	9.2	40.4	64	15.511	0.0	250.0	106.94	1723.7	0.00	0.000	-0.27
125.00	17464	0	12337	31	127.2	0.00	9.2	40.4	64	15.521	0.0	250.0	107.01	1723.7	0.00	0.000	-0.27
126.00	17541	0	12413	31	129.0	0.00	9.3	40.4	64	15.540	0.0	250.0	107.15	1723.7	0.00	0.000	-0.27
127.00	17617	0	12337	46	130.0	0.00	9.3	40.4	64	15.529	0.0	250.0	107.07	1723.7	0.00	0.000	-0.27
128.00	17510	0	12299	31	130.3	0.00	9.3	40.4	64	15.530	0.0	250.0	107.07	1723.7	0.00	0.000	-0.27
129.00	17479	0	12345	53	130.7	0.00	9.3	40.4	64	15.510	0.0	250.0	106.94	1723.7	0.00	0.000	-0.27
130.00	17441	0	12246	38	131.4	0.00	9.3	40.4	64	15.532	0.0	250.0	107.09	1723.7	0.00	0.000	-0.27
131.00	17533	0	12169	23	131.5	0.00	9.4	40.4	65	15.537	0.0	250.0	107.13	1723.7	0.00	0.000	-0.27
132.00	17464	0	12291	23	131.6	0.00	9.4	40.5	65	15.525	0.0	250.0	107.04	1723.7	0.00	0.000	-0.27
133.00	17571	0	12726	38	131.6	0.00	9.4	40.5	65	15.561	0.0	250.0	107.29	1723.7	0.00	0.000	-0.27
134.00	17441	0	12688	0	131.5	0.00	9.4	40.5	65	15.559	0.0	250.0	107.27	1723.7	0.00	0.000	-0.27
135.00	17594	0	12650	8	131.6	0.00	9.4	40.5	65	15.531	0.0	250.0	107.08	1723.7	0.00	0.000	-0.27
136.00	17617	0	12558	15	131.5	0.00	9.5	40.5	65	15.528	0.0	250.0	107.06	1723.7	0.00	0.000	-0.27
137.00	17541	0	12688	15	131.3	0.00	9.5	40.5	65	15.521	0.0	250.0	107.02	1723.7	0.00	0.000	-0.27
138.00	17632	0	12818	23	131.0	0.00	9.5	40.6	65	15.529	0.0	250.0	107.07	1723.7	0.00	0.000	-0.27
139.00	17663	0	12787	23	130.5	0.00	9.5	40.6	65	15.515	0.0	250.0	106.97	1723.7	0.00	0.000	-0.27
140.00	17594	0	12795	38	130.4	0.00	9.5	40.6	66	15.516	0.0	250.0	106.98	1723.7	0.00	0.000	-0.27
141.00	17434	0	12619	31	130.1	0.00	9.5	40.6	66	15.516	0.0	250.0	106.98	1723.7	0.00	0.000	-0.27
142.00	17586	0	12719	23	129.6	0.00	9.5	40.6	66	15.519	0.0	250.0	107.00	1723.7	0.00	0.000	-0.27
143.00	17609	0	12696	8	129.0	0.00	9.6	40.6	66	15.519	0.0	250.0	107.00	1723.7	0.00	0.000	-0.27
144.00	17556	0	12650	8	128.8	0.00	9.6	40.6	66	15.535	0.0	250.0	107.11	1723.7	0.00	0.000	-0.27
145.00	17510	0	12619	23	128.5	0.00	9.6	40.6	66	15.541	0.0	250.0	107.15	1723.7	0.00	0.000	-0.27
146.00	17739	0	12368	31	128.2	0.00	9.6	40.6	66	15.518	0.0	250.0	106.99	1723.7	0.00	0.000	-0.27
147.00	17708	0	12627	0	127.5	0.00	9.6	40.7	66	15.521	0.0	250.0	107.02	1723.7	0.00	0.000	-0.27
148.00	17815	0	12711	38	127.2	0.00	9.6	40.7	66	15.520	0.0	250.0	107.01	1723.7	0.00	0.000	-0.27
149.00	17762	0	12574	38	126.8	0.00	9.6	40.7	66	15.526	0.0	250.0	107.05	1723.7	0.00	0.000	-0.27
150.00	17602	0	12413	38	126.4	0.00	9.6	40.7	66	15.536	0.0	250.0	107.12	1723.7	0.00	0.000	-0.27
151.00	17891	0	12444	46	126.1	0.00	9.6	40.7	67	15.546	0.0	250.0	107.19	1723.7	0.00	0.000	-0.27
152.00	17670	0	12551	8	125.8	0.00	9.7	40.7	67	15.526	0.0	250.0	107.05	1723.7	0.00	0.000	-0.27
153.00	17747	0	12467	0	125.3	0.00	9.7	40.7	67	15.521	0.0	250.0	107.01	1723.7	0.00	0.000	-0.27
154.00	17754	0	12352	31	124.7	0.00	9.7	40.8	67	15.515	0.0	250.0	106.97	1723.7	0.00	0.000	-0.27
155.00	17762	0	12413	15	124.5	0.00	9.7	40.8	67	15.528	0.0	250.0	107.06	1723.7	0.00	0.000	-0.27
156.00	17815	0	12452	23	124.2	0.00	9.7	40.8	67	15.537	0.0	250.0	107.13	1723.7	0.00	0.000	-0.27
157.00	17983	0	12482	31	123.5	0.00	9.7	40.8	67	15.545	0.0	250.0	107.18	1723.7	0.00	0.000	-0.27
158.00	17960	0	12474	23	123.2	0.00	9.7	40.8	67	15.531	0.0	250.0	107.08	1723.7	0.00	0.000	-0.27
159.00	17983	0	12474	23	123.0	0.00	9.7	40.8	67	15.545	0.0	250.0	107.18	1723.7	0.00	0.000	-0.27
160.00	17937	0	12413	31	122.7	0.00	9.7	40.8	67	15.545	0.0	250.0	107.18	1723.7	0.00	0.000	-0.27
161.00	18075	0	12551	31	122.3	0.00	9.7	40.8	67	15.536	0.0	250.0	107.12	1723.7	0.00	0.000	-0.27
162.00	18159	0	12574	0	122.0	0.00	9.7	40.8	67	15.543	0.0	250.0	107.17	1723.7	0.00	0.000	-0.27
163.00	18128	0	12688	53	121.7	0.00	9.8	40.8	67	15.545	0.0	250.0	107.18	1723.7	0.00	0.000	-0.27
164.00	18067	0	12711	15	120.9	0.00	9.8	40.8	67	15.513	0.0	250.0	106.96	1723.7	0.00	0.000	-0.27
165.00	18365	0	12711	15	120.8	0.00	9.8	40.8	67	15.510	0.0	250.0	106.94	1723.7	0.00	0.000	-0.27
166.00	18113	0	12696	8	120.6	0.00	9.8	40.8	67	15.528	0.0	250.0	107.06	1723.7	0.00	0.000	-0.27
167.00	18288	0	12650	15	120.4	0.00	9.8	40.8	67	15.527	0.0	250.0	107.05	1723.7	0.00	0.000	-0.27
168.00	18334	0	12627	46	120.4	0.00	9.8	40.9	67	15.529	0.0	250.0	107.07	1723.7	0.00	0.000	-0.27
169.00	18471	0	12619	46	120.5	0.00	9.8	40.8	67	15.532	0.0	250.0	107.09	1723.7	0.00	0.000	-0.27
170.00	18563	0	12627	0	121.0	0.00	9.8	40.8	68	15.549	0.0	250.0	107.21	1723.7	0.00	0.000	-0.27
171.00	18509	0	12597	53	122.2	0.00	9.8	40.9	68	15.515	0.0	250.0	106.97	1723.7	0.00	0.000	-0.27
172.00	18532	0	12658	46	123.7	0.00	9.8	40.9	68	15.541	0.0	250.0	107.15	1723.7	0.00	0.000	-0.27
173.00	18685	0	12642	23	125.1	0.00	9.8	40.9	68	15.543	0.0	250.0	107.17	1723.7	0.00	0.000	-0.27
174.00	18761	0	12619	23	126.7	0.00	9.8	40.9	68	15.513	0.0	250.0	106.96	1723.7	0.00	0.000	-0.27
175.00	18609	0	12703	23	127.9	0.00	9.8	40.9	68	15.526	0.0	250.0	107.05	1723.7	0.00	0.000	-0.27
176.00	18632	0	12566	23	129.2	0.00	9.8	40.9	68	15.530	0.0	250.0	107.07	1723.7	0.00	0.000	-0.27
177.00	18632	0	12314	38	130.4	0.00	9.8	40.9	68	15.514	0.0	250.0	106.96	1723.7	0.00	0.000	-0.27
178.00	18822	0	12314	23	131.1	0.00	9.8	40.9	68	15.511	0.0	250.0	106.95	1723.7	0.00	0.000	-0.27
179.00	18761	0	12673	15	131.9	0.00	9.8	40.9	68	15.504	0.0	250.0	106.90	1723.7	0.00	0.000	-0.27
180.00	18731	0	12665	15	132.4	0.00	9.8	40.9	68	15.529	0.0	250.0	107.07	1723.7	0.00	0.000	-0.27
181.00	18838	0	12642	0	132.4	0.00	9.8	40.9	68	15.519	0.0	250.0	107.00	1723.7	0.00	0.000	-0.27
182.00	18853	0	12116	15	132.4	0.00	9.9	40.9	68	15.519	0.0	250.0	107.00	1723.7	0.00	0.000	-0.27
183.00	18967	0	11803	0	132.7	0.00	9.9	40.9	68	15.542	0.0	250.0	107.16	1723.7	0.00	0.000	-0.27
184.00	18868	0	11696	8	132.8	0.00	9.9	40.9	68	15.525	0.0	250.0	107.04	1723.7	0.00	0.000	-0.27
185.00	18731	0	11818	8	132.8	0.00	9.9	40.9	68	15.537	0.0	250.0	107.12	1723.7	0.00	0.000	-0.27
186.00	19013	0	11818	31	132.8	0.00	9.9	40.9	68	15.519	0.0	250.0	107.00	1723.7	0.00	0.000	-0.27
187.00	18891	0	11818	61	132.7	0.00	9.9	40.9	68	15.533	0.0	250.0	107.10	1723.7	0.00	0.000	-0.27
188.00	18769	0	11795	8	132.3	0.00	9.9	40.9	68	15.538	0.0	250.0	107.13	1723.7	0.00	0.000	-0.27
189.00	18731	0	11666	23	131.7	0.00	9.9	40.9	68	15.532	0.0	250.0	107.09	1723.7	0.00	0.000	-0.27
190.00	18830	0	11788	31	131.5	0.00	9.9	40.9	68	15.534	0.0	250.0	107.10	1723.7	0.00	0.000	-0.27
191.00	18868	0	11834	0	130.5	0.00	9.9	40.9	68	15.523	0.0	250.0	107.03	1723.7	0.00	0.000	-0.27
192.00	18754	0	11742	8	128.8	0.00	9.9	40.9	68	15.535	0.0	250.0	107.11	1723.7	0.00	0.000	-0.27
193.00	18746	0	11826	0	127.8	0.00	9.9	41.0	68	15.517	0.0	250.0	106.99	1723.7	0.00	0.000	-0.27
194.00	18899	0	11689	38	126.7	0.00	9.9	41.0	68	15.524	0.0	250.0	107.03	1723.7	0.00	0.000	-0.27
195.00	18929	0	11788	15	125.6	0.00	9.9	40.9	68	15.523	0.0	250.0	107.03	1723.7	0.00	0.000	-0.27
196.00	18853	0	11750	8	124.3	0.00	9.9	41.0	68	15.532	0.0	250.0	107.09	1723.7	0.00	0.000	-0.27
197.00	18777	0	11811	15	123.1	0.00	9.9	40.9	68	15.534	0.0	250.0	107.10	1723.7	0.00	0.000	-0.27
198.00	18799	0	11818	15	122.3	0.00	9.9	41.0	68	15.533	0.0	250.0	107.10	1723.7	0.00	0.000	-0.27
199.00	18715	0	11757	38	121.2	0.00	9.9	41.0	68	15.528	0.0	250.0	107.06	1723.7	0.00	0.000	-0.27
200.00	18700	0	11818	8	120.4	0.00	9.9	41.0	68	15.522	0.0	250.0	107.02	1723.7	0.00	0.000	-0.27
201.00	18738	0	11742	0	119.8	0.00	9.9	41.0	68	15.515	0.0	250.0	106.97	1723.7	0.00	0.000	-0.27
202.00	18685	0	11757	23	119.3	0.00	9.9	41.0	68	15.519	0.0	250.0	107.00	1723.7	0.00	0.000	-0.27
203.00	18662	0	11834	0	118.2	0.00	9.9	41.0	68	15.538	0.0	250.0	107.13	1723.7	0.00	0.000	-0.27
204.00	18632	0	11841	38	117.9	0.00	9.9	41.0	68	15.529	0.0	250.0	107.07	1723.7	0.00	0.000	-0.27
205.00	18731	0	11849	46	117.9	0.00	9.9	41.0	68	15.532	0.0	250.0	107.09	1723.7	0.00	0.000	-0.27
206.00	18677	0	11834	8	118.0	0.00	9.9	40.9	68	15.523	0.0	250.0	107.03	1723.7	0.00	0.000	-0.27
207.00	18708	0	11834	23	118.8	0.00	9.9	40.9	68	15.533	0.0	250.0	107.10	1723.7	0.00	0.000	-0.27
208.00	18647	0	11811	8	120.1	0.00	9.9	41.0	68	15.517	0.0	250.0	106.98	1723.7	0.00	0.000	-0.27
209.00	18685	0	11826	38	121.2	0.00	9.9	40.9	68	15.514	0.0	250.0	106.97	1723.7	0.00	0.000	-0.27
210.00	18487	0	11811	61	122.5	0.00	9.9	41.0	68	15.540	0.0	250.0	107.14	1723.7	0.00	0.000	-0.27
211.00	18715	0	11910	31	123.8	0.00	9.9	41.0	68	15.535	0.0	250.0	107.11	1723.7	0.00	0.000	-0.27
212.00	18654	0	11872	23	125.3	0.00	9.9	41.0	68	15.509	0.0	250.0	106.93	1723.7	0.00	0.000	-0.27
213.00	18639	0	11826	23	126.9	0.00	9.9	41.0	68	15.542	0.0	250.0	107.16	1723.7	0.00	0.000	-0.27
214.00	18548	0	11864	0	127.8	0.00	9.9	41.0	69	15.519	0.0	250.0	107.00	1723.7	0.00	0.000	-0.27
215.00	18540	0	11765	8	128.2	0.00	9.9	41.0	69	15.534	0.0	250.0	107.10	1723.7	0.00	0.000	-0.27
216.00	18616	0	11818	15	128.7	0.00	9.9	41.0	69	15.561	0.0	250.0	107.29	1723.7	0.00	0.000	-0.27
217.00	18540	0	11811	15	129.2	0.00	9.9	41.0	69	15.520	0.0	250.0	107.01	1723.7	0.00	0.000	-0.27
218.00	18532	0	11864	38	129.1	0.00	9.9	41.0	69	15.529	0.0	250.0	107.07	1723.7	0.00	0.000	-0.27
219.00	18563	0	11856	53	129.1	0.00	9.9	41.0	69	15.515	0.0	250.0	106.97	1723.7	0.00	0.000	-0.27
220.00	18616	0	11856	38	129.0	0.00	9.9	41.0	69	15.518	0.0	250.0	106.99	1723.7	0.00	0.000	-0.27
221.00	18548	0	11818	23	128.5	0.00	9.9	41.0	69	15.522	0.0	250.0	107.02	1723.7	0.00	0.000	-0.27
222.00	18540	0	11803	0	127.5	0.00	9.9	41.0	69	15.532	0.0	250.0	107.09	1723.7	0.00	0.000	-0.27
223.00	18471	0	11856	23	127.2	0.00	9.9	41.0	69	15.533	0.0	250.0	107.10	1723.7	0.00	0.000	-0.27
224.00	18540	0	11818	8	126.7	0.00	9.9	41.0	69	15.527	0.0	250.0	107.05	1723.7	0.00	0.000	-0.27
225.00	18387	0	11834	23	125.8	0.00	9.9	41.0	69	15.522	0.0	250.0	107.02	1723.7	0.00	0.000	-0.27
226.00	18349	0	11879	15	124.9	0.00	10.0	41.0	69	15.524	0.0	250.0	107.04	1723.7	0.00	0.000	-0.27
227.00	18502	0	11841	31	124.5	0.00	10.0	41.0	69	15.519	0.0	250.0	107.00	1723.7	0.00	0.000	-0.27
228.00	18471	0	11864	15	124.1	0.00	10.0	41.0	69	15.515	0.0	250.0	106.97	1723.7	0.00	0.000	-0.27
229.00	18418	0	11826	23	122.8	0.00	10.0	41.0	69	15.536	0.0	250.0	107.12	1723.7	0.00	0.000	-0.27
230.00	18220	0	11856	46	122.4	0.00	10.0	41.0	69	15.525	0.0	250.0	107.04	1723.7	0.00	0.000	-0.27
231.00	18357	0	11765	8	121.8	0.00	10.0	41.0	69	15.533	0.0	250.0	107.10	1723.7	0.00	0.000	-0.27
232.00	18387	0	11811	38	120.7	0.00	10.0	41.0	69	15.521	0.0	250.0	107.02	1723.7	0.00	0.000	-0.27
233.00	18349	0	11826	38	119.9	0.00	10.0	41.0	69	15.518	0.0	250.0	106.99	1723.7	0.00	0.000	-0.27
234.00	18303	0	11849	38	119.7	0.00	10.0	41.0	69	15.530	0.0	250.0	107.07	1723.7	0.00	0.000	-0.27
235.00	18273	0	11864	46	119.2	0.00	10.0	41.0	69	15.525	0.0	250.0	107.04	1723.7	0.00	0.000	-0.27
236.00	18555	0	11841	15	118.7	0.00	10.0	41.0	69	15.535	0.0	250.0	107.11	1723.7	0.00	0.000	-0.27
237.00	18273	0	11895	38	118.7	0.00	10.0	41.0	69	15.539	0.0	250.0	107.14	1723.7	0.00	0.000	-0.27
238.00	18426	0	11864	15	118.8	0.00	10.0	41.0	69	15.539	0.0	250.0	107.14	1723.7	0.00	0.000	-0.27
239.00	18349	0	11841	15	119.6	0.00	10.0	41.0	69	15.535	0.0	250.0	107.11	1723.7	0.00	0.000	-0.27
240.00	18418	0	11841	38	120.9	0.00	10.0	41.0	69	15.541	0.0	250.0	107.15	1723.7	0.00	0.000	-0.27
241.00	18242	0	11864	38	122.2	0.00	10.0	41.0	69	15.530	0.0	250.0	107.08	1723.7	0.00	0.000	-0.27
242.00	18288	0	11773	8	123.5	0.00	10.0	41.0	69	15.527	0.0	250.0	107.05	1723.7	0.00	0.000	-0.27
243.00	18296	0	11856	53	125.0	0.00	10.0	41.0	69	15.529	0.0	250.0	107.07	1723.7	0.00	0.000	-0.27
244.00	18090	0	11826	31	126.6	0.00	10.0	41.0	69	15.534	0.0	250.0	107.11	1723.7	0.00	0.000	-0.27
245.00	18113	0	11765	0	128.2	0.00	10.0	41.0	69	15.537	0.0	250.0	107.13	1723.7	0.00	0.000	-0.27
246.00	18029	0	11788	15	129.1	0.00	10.0	41.0	69	15.532	0.0	250.0	107.09	1723.7	0.00	0.000	-0.27
247.00	18220	0	11887	69	129.7	0.00	10.0	41.0	69	15.529	0.0	250.0	107.07	1723.7	0.00	0.000	-0.27
248.00	18029	0	12024	23	130.8	0.00	10.0	41.0	69	15.534	0.0	250.0	107.10	1723.7	0.00	0.000	-0.27
249.00	18311	0	11956	0	132.0	0.00	10.0	41.0	69	15.525	0.0	250.0	107.04	1723.7	0.00	0.000	-0.27
250.00	18075	0	11925	0	132.7	0.00	10.0	41.0	69	15.530	0.0	250.0	107.07	1723.7	0.00	0.000	-0.27
251.00	18204	0	11872	84	132.9	0.00	10.0	41.0	69	15.534	0.0	250.0	107.11	1723.7	0.00	0.000	-0.27
252.00	18189	0	11902	23	133.1	0.00	10.0	41.0	69	15.541	0.0	250.0	107.15	1723.7	0.00	0.000	-0.27
253.00	18303	0	11780	31	133.4	0.00	10.0	41.0	69	15.529	0.0	250.0	107.07	1723.7	0.00	0.000	-0.27
254.00	18235	0	11856	31	133.2	0.00	10.0	41.0	69	15.542	0.0	250.0	107.16	1723.7	0.00	0.000	-0.27
255.00	18105	0	11803	15	133.2	0.00	10.0	41.0	69	15.535	0.0	250.0	107.11	1723.7	0.00	0.000	-0.27
256.00	18151	0	11872	38	133.0	0.00	10.0	41.0	69	15.520	0.0	250.0	107.01	1723.7	0.00	0.000	-0.27
257.00	18189	0	11879	23	132.8	0.00	10.0	41.0	69	15.519	0.0	250.0	107.00	1723.7	0.00	0.000	-0.27
258.00	18075	0	11963	15	132.5	0.00	10.0	41.0	69	15.547	0.0	250.0	107.19	1723.7	0.00	0.000	-0.27
259.00	18113	0	11872	15	132.4	0.00	10.0	41.0	69	15.540	0.0	250.0	107.14	1723.7	0.00	0.000	-0.27
260.00	18220	0	11971	31	132.0	0.00	10.0	41.0	69	15.536	0.0	250.0	107.12	1723.7	0.00	0.000	-0.27
261.00	18311	0	11887	23	131.6	0.00	10.0	41.0	69	15.534	0.0	250.0	107.10	1723.7	0.00	0.000	-0.27
262.00	18227	0	11910	38	131.3	0.00	10.0	41.0	69	15.530	0.0	250.0	107.07	1723.7	0.00	0.000	-0.27
263.00	18258	0	11956	15	131.0	0.00	10.0	41.0	69	15.525	0.0	250.0	107.04	1723.7	0.00	0.000	-0.27
264.00	18174	0	11879	38	130.5	0.00	10.0	41.0	69	15.528	0.0	250.0	107.06	1723.7	0.00	0.000	-0.27
265.00	18288	0	11887	46	129.8	0.00	10.0	41.0	69	15.544	0.0	250.0	107.17	1723.7	0.00	0.000	-0.27
266.00	18265	0	11895	31	129.6	0.00	10.0	41.0	69	15.539	0.0	250.0	107.14	1723.7	0.00	0.000	-0.27
267.00	18220	0	12017	23	129.3	0.00	10.0	41.0	69	15.537	0.0	250.0	107.12	1723.7	0.00	0.000	-0.27
268.00	18082	0	11940	46	128.6	0.00	10.0	41.0	69	15.539	0.0	250.0	107.14	1723.7	0.00	0.000	-0.27
269.00	18166	0	11933	46	128.3	0.00	10.0	41.0	69	15.524	0.0	250.0	107.04	1723.7	0.00	0.000	-0.27
270.00	18181	0	12017	23	127.9	0.00	10.0	41.0	69	15.521	0.0	250.0	107.01	1723.7	0.00	0.000	-0.27
271.00	18365	0	12009	38	127.2	0.00	10.0	41.0	69	15.540	0.0	250.0	107.14	1723.7	0.00	0.000	-0.27
272.00	18349	0	11986	23	126.9	0.00	10.0	41.0	69	15.548	0.0	250.0	107.20	1723.7	0.00	0.000	-0.27
273.00	18349	0	12032	15	126.8	0.00	10.0	41.0	69	15.538	0.0	250.0	107.13	1723.7	0.00	0.000	-0.27
274.00	18342	0	12169	31	126.1	0.00	10.0	41.0	69	15.534	0.0	250.0	107.11	1723.7	0.00	0.000	-0.27
275.00	18448	0	12146	38	125.4	0.00	10.0	41.0	69	15.521	0.0	250.0	107.02	1723.7	0.00	0.000	-0.27
276.00	18433	0	12383	31	125.3	0.00	10.0	41.0	69	15.535	0.0	250.0	107.11	1723.7	0.00	0.000	-0.27
277.00	18532	0	12467	15	125.0	0.00	10.0	41.0	69	15.546	0.0	250.0	107.18	1723.7	0.00	0.000	-0.27
278.00	18563	0	12482	23	124.5	0.00	10.0	41.0	69	15.538	0.0	250.0	107.13	1723.7	0.00	0.000	-0.27
279.00	18593	0	12619	23	124.0	0.00	10.0	41.0	69	15.548	0.0	250.0	107.20	1723.7	0.00	0.000	-0.27
280.00	18555	0	13024	53	123.4	0.00	10.0	41.0	69	15.538	0.0	250.0	107.13	1723.7	0.00	0.000	-0.27
281.00	18578	0	13382	61	123.1	0.00	10.0	41.0	69	15.543	0.0	250.0	107.17	1723.7	0.00	0.000	-0.27
282.00	18593	0	13642	53	122.8	0.00	10.0	41.0	69	15.527	0.0	250.0	107.06	1723.7	0.00	0.000	-0.27
283.00	18914	0	13970	31	122.5	0.00	10.0	41.0	69	15.525	0.0	250.0	107.04	1723.7	0.00	0.000	-0.27
284.00	18784	0	14069	23	122.1	0.01	10.0	41.0	69	15.530	0.0	250.0	107.08	1723.7	0.00	0.000	-0.27
285.00	18860	0	14039	23	121.7	0.00	10.0	41.0	69	15.525	0.0	250.0	107.04	1723.7	0.00	0.000	-0.27
286.00	18921	0	14214	23	121.1	0.00	10.0	41.0	69	15.541	0.0	250.0	107.15	1723.7	0.00	0.000	-0.27
287.00	19105	0	14267	46	120.8	0.00	10.0	41.0	69	15.542	0.0	250.0	107.16	1723.7	0.00	0.000	-0.27
288.00	19234	0	14306	15	120.6	0.00	10.0	41.0	69	15.535	0.0	250.0	107.11	1723.7	0.00	0.000	-0.27
289.00	19227	0	14504	31	120.4	0.00	10.0	41.0	69	15.535	0.0	250.0	107.11	1723.7	0.00	0.000	-0.27
290.00	19181	0	14496	8	120.3	0.00	10.0	41.0	69	15.522	0.0	250.0	107.02	1723.7	0.00	0.000	-0.27
291.00	19227	0	14664	8	120.3	0.00	10.0	41.0	69	15.530	0.0	250.0	107.07	1723.7	0.00	0.000	-0.27
292.00	19440	0	14695	38	120.5	0.00	10.0	41.0	69	15.529	0.0	250.0	107.07	1723.7	0.00	0.000	-0.27
293.00	19570	0	14771	31	121.5	0.00	10.0	41.0	69	15.538	0.0	250.0	107.13	1723.7	0.00	0.000	-0.27
294.00	19662	0	14901	31	122.7	0.00	10.0	41.0	69	15.538	0.0	250.0	107.13	1723.7	0.00	0.000	-0.27
295.00	19669	0	15038	38	123.5	0.00	10.0	41.0	69	15.539	0.0	250.0	107.14	1723.7	0.00	0.000	-0.27
296.00	19967	0	14985	8	125.6	0.00	10.0	41.0	69	15.533	0.0	250.0	107.10	1723.7	0.00	0.000	-0.27
297.00	20089	0	15137	31	127.1	0.00	10.0	41.0	69	15.531	0.0	250.0	107.09	1723.7	0.00	0.000	-0.27
298.00	20104	0	15290	31	128.0	0.00	10.0	41.0	69	15.526	0.0	250.0	107.05	1723.7	0.00	0.000	-0.27
299.00	20150	0	15336	46	129.8	0.00	10.0	41.0	69	15.519	0.0	250.0	107.00	1723.7	0.00	0.000	-0.27
300.00	20363	0	15526	0	131.1	0.00	10.0	41.0	69	15.539	0.0	250.0	107.14	1723.7	0.00	0.000	-0.27
301.00	20386	0	15694	46	132.0	0.00	10.0	41.0	69	15.538	0.0	250.0	107.13	1723.7	0.00	0.000	-0.27
302.00	20379	0	15893	15	132.1	0.00	10.0	41.0	69	15.540	0.0	250.0	107.14	1723.7	0.00	0.000	-0.27
303.00	20386	0	15862	53	132.4	0.00	10.0	41.0	69	15.538	0.0	250.0	107.13	1723.7	0.00	0.000	-0.27
304.00	20592	0	16053	46	133.1	0.00	10.0	41.0	69	15.534	0.0	250.0	107.10	1723.7	0.00	0.000	-0.27
305.00	20699	0	16106	38	133.4	0.00	10.0	41.0	69	15.522	0.0	250.0	107.02	1723.7	0.00	0.000	-0.27
306.00	20684	0	16251	46	133.4	0.00	10.0	41.0	69	15.526	0.0	250.0	107.05	1723.7	0.00	0.000	-0.27
307.00	20890	0	16266	0	133.3	0.00	10.0	41.0	69	15.527	0.0	250.0	107.06	1723.7	0.00	0.000	-0.27
308.00	21043	0	16488	23	133.2	0.00	10.0	41.0	69	15.521	0.0	250.0	107.01	1723.7	0.00	0.000	-0.27
309.00	21043	0	16503	46	133.2	0.00	10.0	41.0	69	15.550	0.0	250.0	107.21	1723.7	0.00	0.000	-0.27
310.00	21332	0	16663	38	133.0	0.00	10.0	41.0	69	15.539	0.0	250.0	107.14	1723.7	0.00	0.000	-0.27
311.00	21180	0	16655	46	132.6	0.00	10.0	41.0	69	15.537	0.0	250.0	107.13	1723.7	0.00	0.000	-0.27
312.00	21470	0	16724	46	132.3	0.00	10.0	41.0	69	15.540	0.0	250.0	107.14	1723.7	0.00	0.000	-0.27
313.00	21401	0	16793	0	132.0	0.00	10.0	41.0	69	15.531	0.0	250.0	107.08	1723.7	0.00	0.000	-0.27
314.00	21729	0	16808	8	131.6	0.00	10.0	41.0	69	15.522	0.0	250.0	107.02	1723.7	0.00	0.000	-0.27
315.00	22408	0	17304	8	131.1	0.00	10.0	41.0	69	15.530	0.0	250.0	107.07	1723.7	0.00	0.000	-0.27
316.00	23667	0	18380	8	130.9	0.00	10.0	41.0	69	15.522	0.0	250.0	107.02	1723.7	0.00	0.000	-0.27
317.00	24773	0	19684	23	130.6	0.00	10.0	41.0	69	15.515	0.0	250.0	106.97	1723.7	0.00	0.000	-0.27
318.00	25460	0	20974	31	130.0	0.00	10.0	41.0	69	15.525	0.0	250.0	107.04	1723.7	0.00	0.000	-0.27
319.00	26086	0	21882	38	129.6	0.00	10.0	41.0	69	15.544	0.0	250.0	107.17	1723.7	0.00	0.000	-0.27
320.00	26254	0	22423	15	129.2	0.00	10.0	41.0	69	15.546	0.0	250.0	107.19	1723.7	0.00	0.000	-0.27
321.00	26391	0	22683	0	128.6	0.00	10.0	41.0	69	15.542	0.0	250.0	107.16	1723.7	0.00	0.000	-0.27
322.00	26208	0	22675	15	128.3	0.00	10.0	41.0	69	15.547	0.0	250.0	107.19	1723.7	0.00	0.000	-0.27
323.00	25933	0	22675	0	127.9	0.00	10.0	41.0	69	15.538	0.0	250.0	107.13	1723.7	0.00	0.000	-0.27
324.00	25666	0	22324	15	127.1	0.00	10.0	41.0	69	15.536	0.0	250.0	107.12	1723.7	0.00	0.000	-0.27
325.00	25369	0	22172	23	127.0	0.00	10.0	41.0	69	15.535	0.0	250.0	107.11	1723.7	0.00	0.000	-0.27
326.00	25056	0	21889	31	126.7	0.00	10.0	41.0	69	15.531	0.0	250.0	107.08	1723.7	0.00	0.000	-0.27
327.00	24842	0	21531	38	126.3	0.00	10.0	41.0	69	15.523	0.0	250.0	107.03	1723.7	0.00	0.000	-0.27
328.00	24674	0	21203	69	125.5	0.00	10.0	41.0	69	15.536	0.0	250.0	107.12	1723.7	0.00	0.000	-0.27
329.00	24415	0	20745	31	125.3	0.00	10.0	41.0	69	15.516	0.0	250.0	106.98	1723.7	0.00	0.000	-0.27
330.00	24361	0	20608	31	125.0	0.00	10.0	41.0	69	15.547	0.0	250.0	107.19	1723.7	0.00	0.000	-0.27
331.00	24018	0	20295	46	124.5	0.00	10.0	41.0	69	15.556	0.0	250.0	107.25	1723.7	0.00	0.000	-0.27
332.00	23850	0	20028	31	124.1	0.00	10.0	41.0	69	15.542	0.0	250.0	107.16	1723.7	0.00	0.000	-0.27
333.00	23614	0	19517	15	123.9	0.00	10.0	41.0	69	15.554	0.0	250.0	107.24	1723.7	0.00	0.000	-0.27
334.00	23385	0	19150	53	123.2	0.00	10.0	41.0	69	15.538	0.0	250.0	107.13	1723.7	0.00	0.000	-0.27
335.00	22874	0	18792	8	123.0	0.00	10.0	41.0	69	15.541	0.0	250.0	107.15	1723.7	0.00	0.000	-0.27
336.00	22599	0	18380	31	122.8	0.00	10.0	41.0	69	15.544	0.0	250.0	107.17	1723.7	0.00	0.000	-0.27
337.00	22408	0	18113	46	122.0	0.00	10.0	41.0	69	15.532	0.0	250.0	107.09	1723.7	0.00	0.000	-0.27
338.00	22271	0	17823	38	121.7	0.00	10.0	41.0	69	15.534	0.0	250.0	107.11	1723.7	0.00	0.000	-0.27
339.00	22042	0	17418	46	121.6	0.00	10.0	41.0	69	15.533	0.0	250.0	107.10	1723.7	0.00	0.000	-0.27
340.00	21844	0	17212	31	121.2	0.00	10.0	41.0	69	15.530	0.0	250.0	107.07	1723.7	0.00	0.000	-0.27
341.00	21744	0	16861	53	120.8	0.00	10.0	41.0	69	15.524	0.0	250.0	107.03	1723.7	0.00	0.000	-0.27
342.00	21599	0	16831	38	120.5	0.00	10.0	41.0	69	15.538	0.0	250.0	107.13	1723.7	0.00	0.000	-0.27
343.00	21363	0	16411	53	120.0	0.00	10.0	41.0	69	15.522	0.0	250.0	107.02	1723.7	0.00	0.000	-0.27
344.00	21218	0	16305	31	119.7	0.00	10.0	41.0	69	15.547	0.0	250.0	107.19	1723.7	0.00	0.000	-0.27
345.00	21165	0	16045	15	119.8	0.00	10.0	41.0	69	15.548	0.0	250.0	107.20	1723.7	0.00	0.000	-0.27
346.00	21027	0	15969	8	120.1	0.00	10.0	41.0	69	15.536	0.0	250.0	107.12	1723.7	0.00	0.000	-0.27
347.00	20753	0	15549	23	121.1	0.00	10.0	41.0	69	15.542	0.0	250.0	107.16	1723.7	0.00	0.000	-0.27
348.00	20486	0	15572	15	122.6	0.00	10.0	41.0	69	15.534	0.0	250.0	107.11	1723.7	0.00	0.000	-0.27
349.00	20470	0	15221	15	123.7	0.00	10.0	41.0	69	15.534	0.0	250.0	107.10	1723.7	0.00	0.000	-0.27
350.00	20524	0	15114	46	125.4	0.00	10.0	41.0	69	15.518	0.0	250.0	106.99	1723.7	0.00	0.000	-0.27
351.00	20287	0	14924	38	126.9	0.00	10.0	41.0	69	15.525	0.0	250.0	107.04	1723.7	0.00	0.000	-0.27
352.00	20348	0	14969	38	128.1	0.00	10.0	41.0	69	15.522	0.0	250.0	107.02	1723.7	0.00	0.000	-0.27
353.00	20333	0	14863	31	128.6	0.00	10.0	41.0	69	15.546	0.0	250.0	107.18	1723.7	0.00	0.000	-0.27
354.00	20363	0	14595	38	129.4	0.00	10.0	41.0	69	15.550	0.0	250.0	107.21	1723.7	0.00	0.000	-0.27
355.00	20348	0	14672	76	130.7	0.00	10.0	41.0	69	15.548	0.0	250.0	107.20	1723.7	0.00	0.000	-0.27
356.00	20325	0	14443	8	131.5	0.00	10.0	40.9	69	15.542	0.0	250.0	107.16	1723.7	0.00	0.000	-0.27
357.00	20249	0	14313	23	131.7	0.00	10.0	41.0	69	15.545	0.0	250.0	107.18	1723.7	0.00	0.000	-0.27
358.00	20264	0	14328	46	132.0	0.00	10.0	41.0	69	15.536	0.0	250.0	107.12	1723.7	0.00	0.000	-0.27
359.00	20341	0	14107	61	132.3	0.00	10.0	41.0	69	15.532	0.0	250.0	107.09	1723.7	0.00	0.000	-0.27
360.00	20432	0	14183	53	132.4	0.00	10.0	41.0	69	15.530	0.0	250.0	107.08	1723.7	0.00	0.000	-0.27
361.00	20348	0	14008	8	132.4	0.00	10.0	41.0	69	15.524	0.0	250.0	107.03	1723.7	0.00	0.000	-0.27
362.00	20501	0	14054	8	132.2	0.00	10.0	41.0	69	15.531	0.0	250.0	107.08	1723.7	0.00	0.000	-0.27
363.00	20760	0	14016	46	132.2	0.00	10.0	41.0	69	15.532	0.0	250.0	107.09	1723.7	0.00	0.000	-0.27
364.00	20753	0	13909	23	132.1	0.00	10.0	41.0	69	15.522	0.0	250.0	107.02	1723.7	0.00	0.000	-0.27
365.00	20859	0	13840	31	131.8	0.00	10.0	41.0	69	15.525	0.0	250.0	107.04	1723.7	0.00	0.000	-0.27
366.00	21081	0	13924	46	131.5	0.00	10.0	41.0	69	15.553	0.0	250.0	107.24	1723.7	0.00	0.000	-0.27
367.00	21310	0	13749	15	131.1	0.00	10.0	41.0	69	15.547	0.0	250.0	107.19	1723.7	0.00	0.000	-0.27
368.00	21447	0	13649	15	130.9	0.00	10.0	40.9	69	15.541	0.0	250.0	107.15	1723.7	0.00	0.000	-0.27
369.00	21615	0	13657	0	130.7	0.00	10.0	41.0	69	15.544	0.0	250.0	107.17	1723.7	0.00	0.000	-0.27
370.00	21577	0	13825	69	130.4	0.00	10.0	41.0	69	15.538	0.0	250.0	107.13	1723.7	0.00	0.000	-0.27
371.00	21775	0	13680	31	129.6	0.00	10.0	41.0	69	15.543	0.0	250.0	107.17	1723.7	0.00	0.000	-0.27
372.00	21760	0	13359	23	129.3	0.00	10.0	41.0	69	15.535	0.0	250.0	107.11	1723.7	0.00	0.000	-0.27
373.00	22088	0	13565	0	129.1	0.00	10.0	41.0	69	15.535	0.0	250.0	107.11	1723.7	0.00	0.000	-0.27
374.00	22011	0	13604	38	128.7	0.00	10.0	40.9	69	15.519	0.0	250.0	107.00	1723.7	0.00	0.000	-0.27
375.00	22103	0	13543	53	128.0	0.00	10.0	41.0	69	15.525	0.0	250.0	107.04	1723.7	0.00	0.000	-0.27
376.00	22034	0	13581	38	127.8	0.00	10.0	41.0	69	15.523	0.0	250.0	107.03	1723.7	0.00	0.000	-0.27
377.00	21821	0	13527	15	127.3	0.00	10.0	41.0	69	15.529	0.0	250.0	107.07	1723.7	0.00	0.000	-0.27
378.00	21546	0	13520	23	126.8	0.00	10.0	41.0	69	15.523	0.0	250.0	107.03	1723.7	0.00	0.000	-0.27
379.00	21599	0	13634	23	126.6	0.00	10.0	41.0	69	15.517	0.0	250.0	106.99	1723.7	0.00	0.000	-0.27
380.00	21279	0	13688	53	126.2	0.00	10.0	41.0	69	15.532	0.0	250.0	107.09	1723.7	0.00	0.000	-0.27
381.00	21142	0	13680	46	125.6	0.00	10.0	40.9	69	15.556	0.0	250.0	107.25	1723.7	0.00	0.000	-0.27
382.00	20829	0	13581	8	125.2	0.00	10.0	40.9	69	15.542	0.0	250.0	107.16	1723.7	0.00	0.000	-0.27
383.00	20508	0	13672	53	125.0	0.00	10.0	40.9	69	15.543	0.0	250.0	107.16	1723.7	0.00	0.000	-0.27
384.00	20409	0	13619	23	124.7	0.00	10.0	41.0	69	15.542	0.0	250.0	107.16	1723.7	0.00	0.000	-0.27
385.00	20241	0	13627	31	124.2	0.00	10.0	41.0	69	15.538	0.0	250.0	107.13	1723.7	0.00	0.000	-0.27
386.00	20081	0	13611	0	123.6	0.00	10.0	41.0	69	15.533	0.0	250.0	107.10	1723.7	0.00	0.000	-0.27
387.00	19913	0	13657	15	123.4	0.00	10.0	41.0	69	15.531	0.0	250.0	107.08	1723.7	0.00	0.000	-0.27
388.00	19814	0	13604	46	123.2	0.00	10.0	41.0	69	15.524	0.0	250.0	107.03	1723.7	0.00	0.000	-0.27
389.00	19562	0	13588	15	122.4	0.00	10.0	41.0	69	15.527	0.0	250.0	107.06	1723.7	0.00	0.000	-0.27
390.00	19448	0	13649	0	122.2	0.00	10.0	41.0	69	15.529	0.0	250.0	107.07	1723.7	0.00	0.000	-0.27
391.00	19395	0	13611	23	122.0	0.00	10.0	41.0	69	15.527	0.0	250.0	107.05	1723.7	0.00	0.000	-0.27
392.00	19189	0	13581	46	121.6	0.00	10.0	40.9	69	15.524	0.0	250.0	107.03	1723.7	0.00	0.000	-0.27
393.00	19066	0	13619	38	121.1	0.00	10.0	41.0	69	15.532	0.0	250.0	107.09	1723.7	0.00	0.000	-0.27
394.00	18937	0	13520	23	120.7	0.00	10.0	41.0	69	15.554	0.0	250.0	107.24	1723.7	0.00	0.000	-0.27
395.00	18845	0	13413	38	120.5	0.00	10.0	40.9	69	15.540	0.0	250.0	107.14	1723.7	0.00	0.000	-0.27
396.00	18998	0	13634	23	120.3	0.00	10.0	41.0	69	15.553	0.0	250.0	107.23	1723.7	0.00	0.000	-0.27
397.00	18967	0	13627	31	120.1	0.00	10.0	41.0	69	15.547	0.0	250.0	107.19	1723.7	0.00	0.000	-0.27
398.00	18838	0	13466	46	120.1	0.00	10.0	40.9	69	15.542	0.0	250.0	107.16	1723.7	0.00	0.000	-0.27
399.00	18693	0	13459	31	120.2	0.00	10.0	40.9	69	15.540	0.0	250.0	107.14	1723.7	0.00	0.000	-0.27
400.00	18670	0	13443	8	120.7	0.00	10.0	41.0	69	15.533	0.0	250.0	107.10	1723.7	0.00	0.000	-0.27
401.00	18761	0	13359	53	121.6	0.00	10.0	40.9	69	15.529	0.0	250.0	107.07	1723.7	0.00	0.000	-0.27
402.00	18395	0	13489	38	123.6	0.00	10.0	40.9	69	15.528	0.0	250.0	107.06	1723.7	0.00	0.000	-0.27
403.00	18715	0	13604	0	125.3	0.00	10.0	40.9	69	15.529	0.0	250.0	107.07	1723.7	0.00	0.000	-0.27
404.00	18616	0	13398	23	126.8	0.00	10.0	40.9	69	15.517	0.0	250.0	106.99	1723.7	0.00	0.000	-0.27
405.00	18555	0	13359	8	128.3	0.00	10.0	40.9	69	15.550	0.0	250.0	107.21	1723.7	0.00	0.000	-0.27
406.00	18479	0	13443	23	129.8	0.00	10.0	40.9	69	15.547	0.0	250.0	107.20	1723.7	0.00	0.000	-0.27
407.00	18403	0	13337	31	131.1	0.00	10.0	40.9	69	15.548	0.0	250.0	107.20	1723.7	0.00	0.000	-0.27
408.00	18502	0	13443	23	132.3	0.00	10.0	40.9	69	15.543	0.0	250.0	107.17	1723.7	0.00	0.000	-0.27
409.00	18464	0	13367	8	132.6	0.00	10.0	40.9	69	15.544	0.0	250.0	107.17	1723.7	0.00	0.000	-0.27
410.00	18448	0	13306	23	132.9	0.00	10.0	40.9	69	15.536	0.0	250.0	107.12	1723.7	0.00	0.000	-0.27
411.00	18479	0	13413	23	134.0	0.00	10.0	40.9	69	15.540	0.0	250.0	107.15	1723.7	0.00	0.000	-0.27
412.00	18418	0	13382	15	134.3	0.00	10.0	40.9	69	15.528	0.0	250.0	107.06	1723.7	0.00	0.000	-0.27
413.00	18479	0	13337	15	134.4	0.00	10.0	40.9	69	15.531	0.0	250.0	107.08	1723.7	0.00	0.000	-0.27
414.00	18387	0	13276	23	134.5	0.00	10.0	40.9	69	15.526	0.0	250.0	107.05	1723.7	0.00	0.000	-0.27
415.00	20028	0	13337	46	134.5	0.00	10.0	40.9	69	15.520	0.0	250.0	107.01	1723.7	0.00	0.000	-0.27
416.00	62181	0	13413	53	134.4	0.00	10.0	40.9	69	15.520	0.0	250.0	107.01	1723.7	0.00	0.000	-0.27
417.00	127064	0	14039	8	134.3	0.00	10.0	40.9	69	15.529	0.0	250.0	107.07	1723.7	0.00	0.000	-0.27
418.00	155721	0	14443	23	134.2	0.00	10.0	40.9	69	15.542	0.0	250.0	107.16	1723.7	0.00	0.000	-0.27
419.00	168027	0	14519	15	134.0	0.00	10.0	40.9	69	15.536	0.0	250.0	107.12	1723.7	0.00	0.000	-0.27
420.00	173162	0	14603	31	133.9	0.00	10.0	40.9	69	15.542	0.0	250.0	107.16	1723.7	0.00	0.000	-0.27
421.00	169279	0	14733	8	133.5	0.00	10.0	40.9	69	15.540	0.0	250.0	107.15	1723.7	0.00	0.000	-0.27
422.00	126782	0	14664	8	133.1	0.00	10.0	40.9	69	15.533	0.0	250.0	107.09	1723.7	0.00	0.000	-0.27
423.00	78921	0	14367	8	132.8	0.00	10.0	40.9	69	15.538	0.0	250.0	107.13	1723.7	0.00	0.000	-0.27
424.00	53957	0	14039	61	132.0	0.00	10.0	40.9	69	15.531	0.0	250.0	107.08	1723.7	0.00	0.000	-0.27
425.00	41467	0	13718	15	131.8	0.00	10.0	40.9	69	15.529	0.0	250.0	107.07	1723.7	0.00	0.000	-0.27
426.00	34371	0	13604	15	131.6	0.00	10.0	40.9	69	15.531	0.0	250.0	107.08	1723.7	0.00	0.000	-0.27
427.00	29984	0	13482	23	131.2	0.00	10.0	40.9	69	15.529	0.0	250.0	107.07	1723.7	0.00	0.000	-0.27
428.00	27406	0	13413	23	130.6	0.00	10.0	40.9	69	15.521	0.0	250.0	107.01	1723.7	0.00	0.000	-0.27
429.00	25521	0	13451	15	130.4	0.00	10.0	40.9	69	15.527	0.0	250.0	107.06	1723.7	0.00	0.000	-0.27
430.00	24224	0	13352	15	130.0	0.00	10.0	40.9	69	15.526	0.0	250.0	107.05	1723.7	0.00	0.000	-0.27
431.00	23347	0	13413	31	129.2	0.00	10.0	40.9	69	15.545	0.0	250.0	107.18	1723.7	0.00	0.000	-0.27
432.00	22794	0	13400	10	129.0	0.00	10.0	40.9	69	15.544	0.0	250.0	107.17	1723.7	0.00	0.000	-0.27
