Time (sec)	Detector 1 (uV)	Detector 2 (uV)	Detector 3 (uV)	Detector 4 (uV)	Temperature (deg C)	EC (mS/m)	MIP Pressure (psi)	MIP Flow (mL/min)	MIP Pressure (kPa)	HPT Press. (psi)	HPT Flow (mL/min)	HPT Line Press. (psi)	HPT Press. (kPa)	HPT Line Press. (kPa)	Depth (ft)	Depth (m)	HPT Screen Depth (ft)

0.00	20547	0	16427	0	122.6	0.00	12.4	59.7	85	15.510	0.0	250.0	106.93	1723.7	0.00	0.000	-0.27
1.00	20417	0	16572	0	121.6	0.00	12.4	59.7	85	15.510	0.0	250.0	106.94	1723.7	0.00	0.000	-0.27
2.00	20272	0	16594	23	120.7	0.00	12.4	59.7	85	15.513	0.0	250.0	106.96	1723.7	0.00	0.000	-0.27
3.00	20264	0	16663	8	120.4	0.00	12.4	59.7	85	15.512	0.0	250.0	106.95	1723.7	0.00	0.000	-0.27
4.00	20287	0	16678	0	119.9	0.00	12.4	59.7	85	15.510	0.0	250.0	106.94	1723.7	0.00	0.000	-0.27
5.00	20135	0	16663	0	119.1	0.00	12.4	59.7	85	15.512	0.0	250.0	106.95	1723.7	0.00	0.000	-0.27
6.00	20371	0	16602	23	119.0	0.00	12.4	59.7	85	15.500	0.0	250.0	106.87	1723.7	0.00	0.000	-0.27
7.00	20341	0	16419	0	119.0	0.00	12.4	59.7	85	15.510	0.0	250.0	106.94	1723.7	0.00	0.000	-0.27
8.00	20241	0	16617	0	119.3	0.00	12.4	59.7	85	15.514	0.0	250.0	106.96	1723.7	0.00	0.000	-0.27
9.00	20295	0	16633	0	120.5	0.00	12.4	59.7	85	15.505	0.0	250.0	106.91	1723.7	0.00	0.000	-0.27
10.00	20363	0	16694	0	122.1	0.00	12.4	59.7	85	15.510	0.0	250.0	106.94	1723.7	0.00	0.000	-0.27
11.00	20371	0	16648	0	123.6	0.00	12.4	59.7	85	15.516	0.0	250.0	106.98	1723.7	0.00	0.000	-0.27
12.00	20425	0	16762	15	125.4	0.00	12.4	59.7	85	15.504	0.0	250.0	106.90	1723.7	0.00	0.000	-0.27
13.00	20371	0	16488	15	126.8	0.00	12.4	59.7	85	15.512	0.0	250.0	106.95	1723.7	0.00	0.000	-0.27
14.00	20363	0	16274	8	128.1	0.00	12.4	59.7	85	15.515	0.0	250.0	106.97	1723.7	0.00	0.000	-0.27
15.00	20142	0	16160	31	129.4	0.00	12.4	59.7	85	15.506	0.0	250.0	106.91	1723.7	0.00	0.000	-0.27
16.00	20157	0	16190	8	130.0	0.00	12.4	59.7	85	15.510	0.0	250.0	106.93	1723.7	0.00	0.000	-0.27
17.00	20211	0	16037	8	130.3	0.00	12.4	59.7	85	15.505	0.0	250.0	106.91	1723.7	0.00	0.000	-0.27
18.00	20150	0	15831	15	130.6	0.00	12.4	59.7	85	15.510	0.0	250.0	106.94	1723.7	0.00	0.000	-0.27
19.00	20226	0	16114	0	131.3	0.00	12.4	59.7	85	15.479	0.0	250.0	106.72	1723.7	0.00	0.000	-0.27
20.00	20234	0	16015	23	131.2	0.00	12.4	59.7	85	15.485	0.0	250.0	106.77	1723.7	0.00	0.000	-0.27
21.00	20165	0	16060	23	131.0	0.00	12.4	59.7	85	15.494	0.0	250.0	106.83	1723.7	0.00	0.000	-0.27
22.00	20348	0	16137	0	130.8	0.00	12.4	59.7	85	15.492	0.0	250.0	106.81	1723.7	0.00	0.000	-0.27
23.00	20234	0	15954	8	130.3	0.00	12.4	59.7	85	15.503	0.0	250.0	106.89	1723.7	0.00	0.000	-0.27
24.00	20356	0	16068	0	128.7	0.00	12.4	59.7	85	15.495	0.0	250.0	106.84	1723.7	0.00	0.000	-0.27
25.00	20249	0	16068	8	127.2	0.00	12.4	59.7	85	15.496	0.0	250.0	106.84	1723.7	0.00	0.000	-0.27
26.00	20264	0	16007	15	125.7	0.00	12.4	59.7	85	15.501	0.0	250.0	106.87	1723.7	0.00	0.000	-0.27
27.00	20135	0	16091	0	124.4	0.00	12.7	29.4	88	15.503	0.0	250.0	106.89	1723.7	0.00	0.000	-0.27
28.00	20157	0	16068	0	123.0	0.00	13.9	18.9	96	15.504	0.0	250.0	106.90	1723.7	0.00	0.000	-0.27
29.00	20081	0	16152	8	121.7	0.00	15.0	18.8	104	15.504	0.0	250.0	106.90	1723.7	0.00	0.000	-0.27
30.00	20165	0	16121	8	120.0	0.00	16.2	18.8	112	15.500	0.0	250.0	106.87	1723.7	0.00	0.000	-0.27
31.00	19967	0	16152	8	118.9	0.00	17.4	18.9	120	15.499	0.0	250.0	106.86	1723.7	0.00	0.000	-0.27
32.00	20013	0	16160	15	117.7	0.00	18.5	18.9	128	15.503	0.0	250.0	106.89	1723.7	0.00	0.000	-0.27
33.00	20241	0	16144	8	116.8	0.00	19.7	18.9	136	15.498	0.0	250.0	106.86	1723.7	0.00	0.000	-0.27
34.00	20180	0	16205	0	116.3	0.00	20.9	18.8	144	15.498	0.0	250.0	106.86	1723.7	0.00	0.000	-0.27
35.00	20119	0	16121	8	116.2	0.00	22.0	18.6	152	15.504	0.0	250.0	106.89	1723.7	0.00	0.000	-0.27
36.00	20142	0	16106	8	116.1	0.00	23.0	13.1	159	15.502	0.0	250.0	106.88	1723.7	0.00	0.000	-0.27
37.00	20188	0	16037	15	116.4	0.00	23.6	5.9	163	15.499	0.0	250.0	106.86	1723.7	0.00	0.000	-0.27
38.00	20066	0	16060	8	117.2	0.00	24.0	7.7	165	15.496	0.0	250.0	106.84	1723.7	0.00	0.000	-0.27
39.00	20264	0	16083	15	118.5	0.00	24.7	11.7	170	15.495	0.0	250.0	106.84	1723.7	0.00	0.000	-0.27
40.00	20287	0	16060	0	120.2	0.00	25.3	9.6	175	15.486	0.0	250.0	106.77	1723.7	0.00	0.000	-0.27
41.00	20249	0	16152	0	121.3	0.00	25.9	7.4	178	15.488	0.0	250.0	106.78	1723.7	0.00	0.000	-0.27
42.00	20295	0	16037	15	122.6	0.00	26.3	5.2	181	15.491	0.0	250.0	106.81	1723.7	0.00	0.000	-0.27
43.00	20295	0	16037	0	124.3	0.00	26.6	3.3	183	15.491	0.0	250.0	106.80	1723.7	0.00	0.000	-0.27
44.00	20272	0	16083	8	125.3	0.00	26.7	2.0	184	15.489	0.0	250.0	106.79	1723.7	0.00	0.000	-0.27
45.00	20318	0	15923	8	126.0	0.00	26.8	1.2	185	15.489	0.0	250.0	106.79	1723.7	0.00	0.000	-0.27
46.00	20386	0	15954	15	127.3	0.00	26.9	0.7	185	15.487	0.0	250.0	106.78	1723.7	0.00	0.000	-0.27
47.00	20234	0	15900	8	128.0	0.00	26.9	0.5	186	15.491	0.0	250.0	106.81	1723.7	0.00	0.000	-0.27
48.00	20348	0	15976	8	128.2	0.00	27.0	0.4	186	15.479	0.0	250.0	106.73	1723.7	0.00	0.000	-0.27
49.00	20272	0	15984	15	128.3	0.00	27.0	0.3	186	15.495	0.0	250.0	106.84	1723.7	0.00	0.000	-0.27
50.00	20310	0	15854	8	128.2	0.00	27.0	0.2	186	15.487	0.0	250.0	106.78	1723.7	0.00	0.000	-0.27
51.00	20241	0	15961	0	127.9	0.00	27.0	0.1	186	15.480	0.0	250.0	106.73	1723.7	0.00	0.000	-0.27
52.00	20486	0	15816	15	127.5	0.00	27.0	0.1	186	15.484	0.0	250.0	106.76	1723.7	0.00	0.000	-0.27
53.00	20409	0	15961	8	126.5	0.00	27.0	0.1	186	15.499	0.0	250.0	106.86	1723.7	0.00	0.000	-0.27
54.00	20592	0	15862	8	125.4	0.00	27.0	0.0	186	15.489	0.0	250.0	106.79	1723.7	0.00	0.000	-0.27
55.00	20318	0	15946	15	124.8	0.00	27.0	0.0	186	15.479	0.0	250.0	106.72	1723.7	0.00	0.000	-0.27
56.00	20455	0	16007	8	124.2	0.00	27.0	0.0	186	15.490	0.0	250.0	106.80	1723.7	0.00	0.000	-0.27
57.00	20379	0	15885	8	123.1	0.00	27.0	0.0	186	15.486	0.0	250.0	106.77	1723.7	0.00	0.000	-0.27
58.00	20447	0	15969	8	121.7	0.00	27.0	0.0	186	15.499	0.0	250.0	106.86	1723.7	0.00	0.000	-0.27
59.00	20402	0	15877	8	121.1	0.00	27.0	0.0	186	15.491	0.0	250.0	106.80	1723.7	0.00	0.000	-0.27
60.00	20577	0	16053	0	120.5	0.00	27.0	0.0	186	15.489	0.0	250.0	106.79	1723.7	0.00	0.000	-0.27
61.00	20363	0	15908	31	119.3	0.00	27.0	0.0	186	15.488	0.0	250.0	106.79	1723.7	0.00	0.000	-0.27
62.00	20394	0	15946	23	118.1	0.00	27.0	0.0	186	15.496	0.0	250.0	106.84	1723.7	0.00	0.000	-0.27
63.00	20608	0	15946	0	117.3	0.00	27.0	0.0	186	15.497	0.0	250.0	106.85	1723.7	0.00	0.000	-0.27
64.00	20386	0	15862	8	117.0	0.00	27.0	0.0	186	15.493	0.0	250.0	106.82	1723.7	0.00	0.000	-0.27
65.00	20333	0	15900	0	116.9	0.00	27.0	0.0	186	15.498	0.0	250.0	106.85	1723.7	0.00	0.000	-0.27
66.00	20402	0	15976	8	117.0	0.00	27.0	0.0	186	15.481	0.0	250.0	106.74	1723.7	0.00	0.000	-0.27
67.00	20440	0	15946	0	117.5	0.00	27.0	0.0	186	15.499	0.0	250.0	106.86	1723.7	0.00	0.000	-0.27
68.00	20356	0	15938	15	118.8	0.00	27.0	0.0	186	15.486	0.0	250.0	106.77	1723.7	0.00	0.000	-0.27
69.00	20402	0	15931	0	119.4	0.00	27.0	0.0	186	15.495	0.0	250.0	106.83	1723.7	0.00	0.000	-0.27
70.00	20508	0	15900	15	120.5	0.00	27.0	0.0	186	15.485	0.0	250.0	106.76	1723.7	0.00	0.000	-0.27
71.00	20631	0	15954	0	122.9	0.00	26.1	41.8	180	15.478	0.0	250.0	106.72	1723.7	0.00	0.000	-0.27
72.00	20760	0	15908	8	124.5	0.00	20.8	130.1	144	15.494	0.0	250.0	106.83	1723.7	0.00	0.000	-0.27
73.00	20646	0	15984	0	126.0	0.00	17.2	127.5	119	15.488	0.0	250.0	106.78	1723.7	0.00	0.000	-0.27
74.00	20638	0	15915	8	127.5	0.00	15.4	104.3	106	15.478	0.0	250.0	106.71	1723.7	0.00	0.000	-0.27
75.00	20821	0	15885	8	128.8	0.00	14.3	87.6	98	15.486	0.0	250.0	106.77	1723.7	0.00	0.000	-0.27
76.00	20730	0	15999	15	129.4	0.00	13.6	78.3	94	15.476	0.0	250.0	106.70	1723.7	0.00	0.000	-0.27
77.00	20554	0	15954	0	129.8	0.00	13.1	72.9	91	15.496	0.0	250.0	106.84	1723.7	0.00	0.000	-0.27
78.00	20531	0	15870	15	130.1	0.00	12.8	69.4	88	15.485	0.0	250.0	106.76	1723.7	0.00	0.000	-0.27
79.00	20516	0	15893	0	130.1	0.00	12.6	66.9	87	15.490	0.0	250.0	106.80	1723.7	0.00	0.000	-0.27
80.00	20440	0	16022	0	130.0	0.00	12.4	65.2	85	15.480	0.0	250.0	106.73	1723.7	0.00	0.000	-0.27
81.00	20547	0	15969	0	129.5	0.00	12.3	63.9	85	15.463	0.0	250.0	106.61	1723.7	0.00	0.000	-0.27
82.00	20348	0	15862	8	128.9	0.00	12.2	62.9	84	15.490	0.0	250.0	106.80	1723.7	0.00	0.000	-0.27
83.00	20600	0	15969	0	127.9	0.00	12.1	62.1	83	15.487	0.0	250.0	106.78	1723.7	0.00	0.000	-0.27
84.00	20409	0	16091	0	127.3	0.00	12.0	61.5	83	15.511	0.0	250.0	106.95	1723.7	0.00	0.000	-0.27
85.00	20676	0	16068	15	126.0	0.00	12.0	61.0	83	15.466	0.0	250.0	106.63	1723.7	0.00	0.000	-0.27
86.00	20409	0	16030	8	125.3	0.00	12.0	60.6	83	15.481	0.0	250.0	106.74	1723.7	0.00	0.000	-0.27
87.00	20669	0	16022	0	124.8	0.00	12.0	60.4	83	15.463	0.0	250.0	106.61	1723.7	0.00	0.000	-0.27
88.00	20577	0	15938	23	123.9	0.00	12.0	60.1	82	15.475	0.0	250.0	106.70	1723.7	0.00	0.000	-0.27
89.00	20554	0	16160	0	122.3	0.00	12.0	60.0	82	15.495	0.0	250.0	106.84	1723.7	0.00	0.000	-0.27
90.00	20463	0	15732	8	121.5	0.00	12.0	59.8	82	15.475	0.0	250.0	106.70	1723.7	0.00	0.000	-0.27
91.00	20653	0	15946	8	121.2	0.00	12.0	59.7	83	15.451	0.0	250.0	106.53	1723.7	0.00	0.000	-0.27
92.00	20592	0	15923	8	120.6	0.00	12.0	59.7	83	15.491	0.0	250.0	106.81	1723.7	0.00	0.000	-0.27
93.00	20417	0	15961	15	119.5	0.00	12.0	59.6	83	15.485	0.0	250.0	106.77	1723.7	0.00	0.000	-0.27
94.00	20486	0	15984	15	118.9	0.00	12.0	59.5	83	15.493	0.0	250.0	106.82	1723.7	0.00	0.000	-0.27
95.00	20547	0	15908	8	118.8	0.00	12.0	59.5	83	15.488	0.0	250.0	106.79	1723.7	0.00	0.000	-0.27
96.00	20440	0	16037	0	118.6	0.00	12.0	59.5	83	15.475	0.0	250.0	106.70	1723.7	0.00	0.000	-0.27
97.00	20417	0	16442	0	118.6	0.00	12.0	59.5	83	15.461	0.0	250.0	106.60	1723.7	0.00	0.000	-0.27
98.00	20470	0	16106	0	118.9	0.00	12.1	59.5	83	15.456	0.0	250.0	106.57	1723.7	0.00	0.000	-0.27
99.00	20653	0	16076	0	120.2	0.00	12.1	59.5	83	15.483	0.0	250.0	106.75	1723.7	0.00	0.000	-0.27
100.00	20432	0	16137	0	121.5	0.00	12.1	59.5	83	15.495	0.0	250.0	106.83	1723.7	0.00	0.000	-0.27
101.00	20394	0	15992	8	123.0	0.00	12.1	59.5	83	15.484	0.0	250.0	106.76	1723.7	0.00	0.000	-0.27
102.00	20455	0	16175	8	124.6	0.00	12.1	59.5	83	15.463	0.0	250.0	106.61	1723.7	0.00	0.000	-0.27
103.00	20394	0	16121	23	126.5	0.00	12.1	59.5	84	15.509	0.0	250.0	106.93	1723.7	0.00	0.000	-0.27
104.00	20463	0	16114	8	128.0	0.00	12.1	59.5	84	15.476	0.0	250.0	106.71	1723.7	0.00	0.000	-0.27
105.00	20425	0	16167	0	129.4	0.00	12.1	59.5	84	15.484	0.0	250.0	106.76	1723.7	0.00	0.000	-0.27
106.00	20554	0	16236	0	130.4	0.00	12.2	59.5	84	15.473	0.0	250.0	106.68	1723.7	0.00	0.000	-0.27
107.00	20348	0	16175	0	131.4	0.00	12.2	59.5	84	15.481	0.0	250.0	106.74	1723.7	0.00	0.000	-0.27
108.00	20409	0	16053	0	131.6	0.00	12.2	59.5	84	15.484	0.0	250.0	106.76	1723.7	0.00	0.000	-0.27
109.00	20463	0	16106	8	131.9	0.00	12.2	59.5	84	15.480	0.0	250.0	106.73	1723.7	0.00	0.000	-0.27
110.00	20333	0	16076	0	132.1	0.00	12.2	59.5	84	15.493	0.0	250.0	106.82	1723.7	0.00	0.000	-0.27
111.00	20562	0	16152	15	132.1	0.00	12.2	59.5	84	15.474	0.0	250.0	106.69	1723.7	0.00	0.000	-0.27
112.00	20486	0	16289	0	132.1	0.00	12.2	59.6	84	15.475	0.0	250.0	106.70	1723.7	0.00	0.000	-0.27
113.00	20547	0	16099	0	132.0	0.00	12.2	59.6	84	15.480	0.0	250.0	106.73	1723.7	0.00	0.000	-0.27
114.00	20585	0	16182	0	131.6	0.00	12.2	59.6	84	15.475	0.0	250.0	106.70	1723.7	0.00	0.000	-0.27
115.00	20600	0	16152	0	131.2	0.00	12.2	59.6	84	15.484	0.0	250.0	106.76	1723.7	0.00	0.000	-0.27
116.00	20692	0	16076	0	130.5	0.00	12.2	59.6	84	15.493	0.0	250.0	106.82	1723.7	0.00	0.000	-0.27
117.00	20585	0	16243	0	130.2	0.00	12.2	59.6	84	15.476	0.0	250.0	106.70	1723.7	0.00	0.000	-0.27
118.00	20531	0	16099	0	129.8	0.00	12.2	59.6	84	15.486	0.0	250.0	106.78	1723.7	0.00	0.000	-0.27
119.00	20585	0	16167	0	129.0	0.00	12.3	59.6	84	15.480	0.0	250.0	106.73	1723.7	0.00	0.000	-0.27
120.00	20501	0	16167	0	128.2	0.00	12.3	59.6	85	15.495	0.0	250.0	106.84	1723.7	0.00	0.000	-0.27
121.00	20569	0	16022	8	128.0	0.00	12.3	59.6	85	15.485	0.0	250.0	106.77	1723.7	0.00	0.000	-0.27
122.00	20463	0	15992	15	127.6	0.00	12.3	59.6	85	15.515	0.0	250.0	106.97	1723.7	0.00	0.000	-0.27
123.00	20478	0	16007	0	126.7	0.00	12.3	59.6	85	15.511	0.0	250.0	106.94	1723.7	0.00	0.000	-0.27
124.00	20608	0	15877	0	126.1	0.00	12.3	59.6	85	15.444	0.0	250.0	106.48	1723.7	0.00	0.000	-0.27
125.00	20692	0	15961	38	125.3	0.00	12.3	59.6	85	15.485	0.0	250.0	106.77	1723.7	0.00	0.000	-0.27
126.00	20386	0	16312	0	125.0	0.00	12.3	59.6	85	15.459	0.0	250.0	106.58	1723.7	0.00	0.000	-0.27
127.00	20486	0	16594	8	124.5	0.00	12.3	59.6	85	15.467	0.0	250.0	106.64	1723.7	0.00	0.000	-0.27
128.00	20745	0	16480	23	123.6	0.00	12.3	59.6	85	15.462	0.0	250.0	106.61	1723.7	0.00	0.000	-0.27
129.00	20302	0	16800	15	123.1	0.00	12.3	59.5	85	15.464	0.0	250.0	106.62	1723.7	0.00	0.000	-0.27
130.00	20554	0	16594	0	122.8	0.00	12.3	59.3	85	15.462	0.0	250.0	106.61	1723.7	0.00	0.000	-0.27
131.00	24842	0	17220	8	122.2	0.00	12.3	59.2	85	15.485	0.0	250.0	106.77	1723.7	0.00	0.000	-0.27
132.00	31022	0	25109	15	121.1	0.00	12.3	59.1	85	15.481	0.0	250.0	106.74	1723.7	0.00	0.000	-0.27
133.00	30206	0	30618	15	120.6	0.00	12.4	59.0	85	15.491	0.0	250.0	106.81	1723.7	0.00	0.000	-0.27
134.00	28611	0	28878	8	120.4	0.00	12.4	58.9	85	15.547	0.0	250.0	107.20	1723.7	0.00	0.000	-0.27
135.00	27459	0	26902	8	119.8	0.00	12.4	58.8	86	15.533	0.0	250.0	107.10	1723.7	0.00	0.000	-0.27
136.00	26414	0	25239	0	119.4	0.00	12.4	58.8	86	15.486	0.0	250.0	106.77	1723.7	0.00	0.000	-0.27
137.00	25803	0	24277	0	119.2	0.00	12.5	58.7	86	15.516	0.0	250.0	106.98	1723.7	0.00	0.000	-0.27
138.00	25399	0	23347	8	119.4	0.00	12.5	58.7	86	15.436	0.0	250.0	106.43	1723.7	0.00	0.000	-0.27
139.00	24949	0	22591	0	120.1	0.00	12.5	58.7	86	15.502	0.0	250.0	106.88	1723.7	0.00	0.000	-0.27
140.00	24751	0	22118	23	121.6	0.00	12.6	58.7	87	15.514	0.0	250.0	106.96	1723.7	0.00	0.000	-0.27
141.00	24552	0	21805	0	123.1	0.00	12.6	58.7	87	15.535	0.0	250.0	107.11	1723.7	0.00	0.000	-0.27
142.00	24735	0	22233	0	124.8	0.00	12.6	58.7	87	15.526	0.0	250.0	107.05	1723.7	0.00	0.000	-0.27
143.00	25582	0	22660	0	126.6	0.00	12.7	58.7	87	15.432	0.0	250.0	106.40	1723.7	0.00	0.000	-0.27
144.00	27085	0	23309	0	127.7	0.00	12.7	58.7	87	15.460	0.0	250.0	106.59	1723.7	0.00	0.000	-0.27
145.00	28260	0	25140	8	129.4	0.00	12.7	58.7	88	15.534	0.0	250.0	107.11	1723.7	0.00	0.000	-0.27
146.00	29366	0	26612	15	130.5	0.00	12.7	58.8	88	15.466	0.0	250.0	106.63	1723.7	0.00	0.000	-0.27
147.00	29778	0	27879	0	130.9	0.00	12.8	58.8	88	15.484	0.0	250.0	106.76	1723.7	0.00	0.000	-0.27
148.00	29664	0	28634	0	131.2	0.00	12.8	58.8	88	15.460	0.0	250.0	106.59	1723.7	0.00	0.000	-0.27
149.00	29321	0	28581	15	131.9	0.00	12.8	58.8	88	15.491	0.0	250.0	106.81	1723.7	0.00	0.000	-0.27
150.00	29038	0	27795	8	132.4	0.00	12.8	58.8	89	15.526	0.0	250.0	107.05	1723.7	0.00	0.000	-0.27
151.00	28756	0	26910	23	132.2	0.00	12.9	58.9	89	15.468	0.0	250.0	106.65	1723.7	0.00	0.000	-0.27
152.00	28253	0	26650	0	132.2	0.00	12.9	58.9	89	15.527	0.0	250.0	107.06	1723.7	0.00	0.000	-0.27
153.00	27902	0	25887	8	132.0	0.00	12.9	59.0	89	15.492	0.0	250.0	106.82	1723.7	0.00	0.000	-0.27
154.00	26666	0	25536	0	131.8	0.00	12.9	59.2	89	15.519	0.0	250.0	107.00	1723.7	0.00	0.000	-0.27
155.00	22927	0	20928	0	131.4	0.00	12.9	59.5	89	15.471	0.0	250.0	106.67	1723.7	0.00	0.000	-0.27
156.00	22202	0	17029	23	130.5	0.00	12.9	59.7	89	15.459	0.0	250.0	106.59	1723.7	0.00	0.000	-0.27
157.00	21836	0	16526	15	130.3	0.00	12.9	59.8	89	15.486	0.0	250.0	106.77	1723.7	0.00	0.000	-0.27
158.00	21699	0	16221	15	130.0	0.00	12.9	60.0	89	15.476	0.0	250.0	106.70	1723.7	0.00	0.000	-0.27
159.00	21622	0	15908	0	129.0	0.00	12.9	60.1	89	15.523	0.0	250.0	107.03	1723.7	0.00	0.000	-0.27
160.00	21371	0	16137	15	128.4	0.00	12.9	60.1	89	15.473	0.0	250.0	106.68	1723.7	0.00	0.000	-0.27
161.00	21210	0	16533	0	127.8	0.00	12.9	60.2	89	15.470	0.0	250.0	106.66	1723.7	0.00	0.000	-0.27
162.00	21271	0	16037	23	127.5	0.00	12.9	60.2	89	15.471	0.0	250.0	106.67	1723.7	0.00	0.000	-0.27
163.00	21149	0	16068	8	127.3	0.00	12.9	60.2	89	15.467	0.0	250.0	106.64	1723.7	0.00	0.000	-0.27
164.00	20791	0	16167	0	126.4	0.00	12.8	60.3	88	15.520	0.0	250.0	107.01	1723.7	0.00	0.000	-0.27
165.00	20928	0	16457	0	125.5	0.00	12.8	60.2	88	15.494	0.0	250.0	106.83	1723.7	0.00	0.000	-0.27
166.00	20821	0	16564	31	125.2	0.00	12.8	60.2	88	15.484	0.0	250.0	106.76	1723.7	0.00	0.000	-0.27
167.00	20585	0	16503	0	124.8	0.00	12.8	60.2	88	15.495	0.0	250.0	106.83	1723.7	0.00	0.000	-0.27
168.00	20516	0	16190	23	123.6	0.00	12.8	60.2	88	15.490	0.0	250.0	106.80	1723.7	0.00	0.000	-0.27
169.00	20539	0	16144	8	123.2	0.00	12.7	60.2	88	15.506	0.0	250.0	106.91	1723.7	0.00	0.000	-0.27
170.00	20508	0	15946	23	122.9	0.00	12.7	60.2	88	15.502	0.0	250.0	106.89	1723.7	0.00	0.000	-0.27
171.00	20608	0	16160	15	122.2	0.00	12.7	60.2	88	15.474	0.0	250.0	106.69	1723.7	0.00	0.000	-0.27
172.00	20394	0	16099	8	121.2	0.00	12.7	60.2	87	15.525	0.0	250.0	107.04	1723.7	0.00	0.000	-0.27
173.00	20463	0	15725	0	120.9	0.00	12.7	60.1	87	15.485	0.0	250.0	106.77	1723.7	0.00	0.000	-0.27
174.00	20608	0	15877	8	120.6	0.00	12.7	60.1	87	15.495	0.0	250.0	106.83	1723.7	0.00	0.000	-0.27
175.00	20501	0	16068	0	120.1	0.00	12.6	60.1	87	15.457	0.0	250.0	106.57	1723.7	0.00	0.000	-0.27
176.00	20348	0	16335	0	119.6	0.00	12.6	60.1	87	15.476	0.0	250.0	106.70	1723.7	0.00	0.000	-0.27
177.00	20425	0	16022	15	119.4	0.00	12.6	60.0	87	15.453	0.0	250.0	106.55	1723.7	0.00	0.000	-0.27
178.00	20447	0	16121	15	119.7	0.00	12.6	60.0	87	15.430	0.0	250.0	106.39	1723.7	0.00	0.000	-0.27
179.00	20470	0	16221	8	120.2	0.00	12.6	60.0	87	15.432	0.0	250.0	106.40	1723.7	0.00	0.000	-0.27
180.00	20287	0	16053	0	121.8	0.00	12.6	60.0	87	15.489	0.0	250.0	106.79	1723.7	0.00	0.000	-0.27
181.00	20455	0	15954	0	123.3	0.00	12.6	60.0	87	15.418	0.0	250.0	106.30	1723.7	0.00	0.000	-0.27
182.00	20150	0	16266	0	125.2	0.00	12.6	59.9	87	15.456	0.0	250.0	106.57	1723.7	0.00	0.000	-0.27
183.00	20295	0	16144	0	126.7	0.00	12.5	59.9	86	15.462	0.0	250.0	106.61	1723.7	0.00	0.000	-0.27
184.00	20310	0	16068	23	128.2	0.00	12.5	59.9	86	15.488	0.0	250.0	106.79	1723.7	0.00	0.000	-0.27
185.00	20157	0	16381	15	129.4	0.00	12.5	59.9	86	15.491	0.0	250.0	106.81	1723.7	0.00	0.000	-0.27
186.00	20119	0	15976	23	129.9	0.00	12.5	59.9	86	15.504	0.0	250.0	106.90	1723.7	0.00	0.000	-0.27
187.00	20089	0	16076	8	130.6	0.00	12.5	59.9	86	15.474	0.0	250.0	106.69	1723.7	0.00	0.000	-0.27
188.00	20089	0	16205	8	131.8	0.00	12.5	59.8	86	15.471	0.0	250.0	106.67	1723.7	0.00	0.000	-0.27
189.00	20112	0	16076	0	131.9	0.00	12.5	59.8	86	15.436	0.0	250.0	106.43	1723.7	0.00	0.000	-0.27
190.00	20135	0	16129	15	132.2	0.00	12.5	59.8	86	15.493	0.0	250.0	106.82	1723.7	0.00	0.000	-0.27
191.00	20013	0	16037	8	132.3	0.00	12.5	59.8	86	15.493	0.0	250.0	106.82	1723.7	0.00	0.000	-0.27
192.00	20119	0	16243	8	132.2	0.00	12.5	59.8	86	15.462	0.0	250.0	106.60	1723.7	0.00	0.000	-0.27
193.00	20074	0	16373	0	132.1	0.00	12.5	59.8	86	15.441	0.0	250.0	106.46	1723.7	0.00	0.000	-0.27
194.00	20196	0	16160	8	132.0	0.00	12.5	59.8	86	15.468	0.0	250.0	106.65	1723.7	0.00	0.000	-0.27
195.00	19852	0	16160	31	131.6	0.00	12.4	59.8	86	15.479	0.0	250.0	106.72	1723.7	0.00	0.000	-0.27
196.00	20150	0	16091	0	131.1	0.00	12.4	59.8	86	15.490	0.0	250.0	106.80	1723.7	0.00	0.000	-0.27
197.00	19890	0	16343	8	130.3	0.00	12.4	59.8	86	15.504	0.0	250.0	106.90	1723.7	0.00	0.000	-0.27
198.00	20043	0	16221	0	130.2	0.00	12.4	59.7	86	15.500	0.0	250.0	106.87	1723.7	0.00	0.000	-0.27
199.00	19799	0	16205	0	129.8	0.00	12.4	59.7	86	15.498	0.0	250.0	106.86	1723.7	0.00	0.000	-0.27
200.00	19974	0	16305	0	128.8	0.00	12.4	59.7	86	15.478	0.0	250.0	106.71	1723.7	0.00	0.000	-0.27
201.00	19890	0	16175	8	128.1	0.00	12.4	59.7	86	15.494	0.0	250.0	106.82	1723.7	0.00	0.000	-0.27
202.00	20013	0	16221	8	127.7	0.00	12.4	59.7	86	15.489	0.0	250.0	106.79	1723.7	0.00	0.000	-0.27

0.00	25124	0	12322	99	114.4	4.10	13.0	59.2	89	38.133	219.2	250.0	262.92	1723.7	28.80	8.778	28.53

0.00	25124	0	12177	31	116.1	3.91	13.5	22.1	93	37.895	218.8	250.0	261.28	1723.7	28.85	8.793	28.58
1.00	24995	0	12238	76	117.1	3.96	14.7	18.4	102	37.853	219.6	250.0	260.99	1723.7	28.85	8.793	28.58
2.00	25079	0	12139	38	116.9	4.12	16.0	18.4	110	38.272	221.3	250.0	263.88	1723.7	28.85	8.793	28.58
3.00	24941	0	12139	46	117.1	4.33	17.2	18.3	119	38.389	221.1	250.0	264.68	1723.7	28.85	8.793	28.58
4.00	24903	0	12070	76	117.6	3.67	18.5	18.3	127	38.302	199.0	250.0	264.08	1723.7	28.85	8.793	28.58
5.00	24720	0	12131	99	118.6	3.63	19.7	18.3	136	38.161	195.2	250.0	263.11	1723.7	28.90	8.807	28.62
6.00	24636	0	12139	84	118.8	4.22	20.9	17.7	144	38.057	191.7	250.0	262.39	1723.7	28.90	8.809	28.63
7.00	24628	0	12032	69	119.1	4.04	21.9	8.9	151	38.050	201.5	250.0	262.34	1723.7	28.90	8.809	28.63
8.00	24514	0	12062	99	120.1	4.29	22.3	5.0	154	38.169	207.9	250.0	263.17	1723.7	28.90	8.809	28.63
9.00	24590	0	12047	69	120.6	4.14	22.9	10.9	158	37.831	207.3	250.0	260.83	1723.7	28.90	8.809	28.63
10.00	24674	0	11971	76	120.6	4.09	23.7	9.5	163	38.154	195.7	250.0	263.06	1723.7	28.93	8.818	28.66
11.00	24720	0	12032	92	121.2	4.15	24.3	7.1	168	38.065	193.4	250.0	262.45	1723.7	28.95	8.824	28.68
12.00	24636	0	12101	61	121.8	3.96	24.8	4.8	171	38.286	193.0	250.0	263.97	1723.7	28.95	8.824	28.68
13.00	24567	0	11994	76	122.0	3.83	25.1	2.8	173	37.954	195.7	250.0	261.68	1723.7	28.95	8.824	28.68
14.00	24529	0	11933	38	122.4	3.92	25.3	1.4	174	37.831	196.2	250.0	260.83	1723.7	28.95	8.824	28.68
15.00	24453	0	11948	84	122.7	3.87	25.4	0.5	175	38.102	188.9	250.0	262.70	1723.7	28.95	8.824	28.68
16.00	24232	0	11933	23	122.7	4.11	25.5	0.1	176	38.288	188.3	250.0	263.99	1723.7	28.98	8.835	28.71
17.00	24186	0	11933	38	122.5	3.98	25.5	0.0	176	38.137	190.2	250.0	262.94	1723.7	29.00	8.839	28.73
18.00	24155	0	11872	31	121.8	3.95	25.5	0.0	176	38.292	194.9	250.0	264.02	1723.7	29.00	8.839	28.73
19.00	24071	0	11879	46	118.4	4.03	25.6	0.0	176	37.734	203.5	250.0	260.17	1723.7	29.00	8.839	28.73
20.00	24018	0	11910	114	115.0	3.93	25.6	0.0	176	38.076	207.6	250.0	262.52	1723.7	29.00	8.839	28.73
21.00	23980	0	11902	76	113.2	3.95	25.6	0.0	176	38.059	200.1	250.0	262.41	1723.7	29.00	8.839	28.73
22.00	23888	0	11811	92	113.1	3.91	25.6	0.0	177	38.061	192.7	250.0	262.42	1723.7	29.00	8.839	28.73
23.00	23774	0	11818	61	113.0	3.97	25.6	0.0	177	38.102	191.8	250.0	262.70	1723.7	29.00	8.839	28.73
24.00	23774	0	11864	107	113.1	3.86	25.6	0.0	177	38.098	194.3	250.0	262.68	1723.7	29.00	8.839	28.73
25.00	23827	0	11872	84	113.2	4.07	25.6	0.0	177	38.005	200.9	250.0	262.03	1723.7	29.00	8.839	28.73
26.00	23675	0	11856	107	113.5	3.99	25.6	0.0	177	37.988	202.4	250.0	261.92	1723.7	29.00	8.839	28.73
27.00	23637	0	11818	69	113.6	3.99	25.6	0.0	177	37.955	202.6	250.0	261.69	1723.7	29.00	8.839	28.73
28.00	23476	0	11788	99	113.8	3.75	25.6	0.0	177	37.966	204.1	250.0	261.77	1723.7	29.00	8.839	28.73
29.00	23652	0	11727	76	114.1	4.02	25.6	0.0	177	37.965	191.2	250.0	261.76	1723.7	29.00	8.839	28.73
30.00	23721	0	11788	122	114.5	3.82	25.7	0.0	177	37.953	192.6	250.0	261.68	1723.7	29.00	8.839	28.73
31.00	23782	0	11826	69	114.6	4.09	25.7	0.0	177	37.942	200.1	250.0	261.60	1723.7	29.00	8.839	28.73
32.00	23774	0	11711	61	115.2	3.76	25.7	0.0	177	37.926	191.4	250.0	261.49	1723.7	29.00	8.839	28.73
33.00	23865	0	11826	92	116.1	4.16	25.7	0.0	177	37.932	192.4	250.0	261.53	1723.7	29.00	8.839	28.73
34.00	23774	0	11780	23	116.8	3.92	25.7	0.0	177	37.942	198.4	250.0	261.60	1723.7	29.00	8.839	28.73
35.00	23904	0	11788	114	117.2	4.09	25.7	0.0	177	37.956	199.8	250.0	261.70	1723.7	29.00	8.839	28.73
36.00	23972	0	11757	61	118.0	4.00	25.7	0.0	177	37.965	200.8	250.0	261.76	1723.7	29.00	8.839	28.73
37.00	23827	0	11711	46	119.6	4.10	25.7	0.0	177	37.960	200.4	250.0	261.73	1723.7	29.00	8.839	28.73
38.00	23698	0	11696	53	119.9	3.96	25.7	0.0	177	38.010	202.2	250.0	262.07	1723.7	29.00	8.839	28.73
39.00	23675	0	11711	76	120.2	4.13	25.7	0.0	177	37.953	203.8	250.0	261.68	1723.7	29.00	8.839	28.73
40.00	23515	0	11620	84	121.2	4.11	25.7	0.0	177	37.911	203.3	250.0	261.39	1723.7	29.00	8.839	28.73
41.00	23576	0	11757	46	122.4	4.00	25.7	0.0	177	37.917	202.4	250.0	261.43	1723.7	29.00	8.839	28.73
42.00	23331	0	11719	31	122.6	3.93	25.7	0.0	177	37.921	206.4	250.0	261.46	1723.7	29.00	8.839	28.73
43.00	23560	0	11658	61	123.2	4.00	24.5	52.8	169	37.915	209.2	250.0	261.41	1723.7	29.00	8.839	28.73
44.00	23751	0	11727	38	124.3	4.00	19.4	130.1	134	37.934	206.6	250.0	261.54	1723.7	29.00	8.839	28.73
45.00	23637	0	11765	76	124.4	4.01	16.3	120.7	112	37.945	207.1	250.0	261.62	1723.7	29.00	8.839	28.73
46.00	23469	0	11704	84	124.6	3.98	14.7	95.3	101	37.936	198.0	250.0	261.56	1723.7	29.00	8.839	28.73
47.00	23537	0	11589	84	124.6	4.08	13.8	81.3	95	37.929	193.3	250.0	261.51	1723.7	29.00	8.839	28.73
48.00	23492	0	11666	61	124.3	3.99	13.2	73.7	91	37.940	201.1	250.0	261.59	1723.7	29.00	8.839	28.73
49.00	23415	0	11589	61	123.4	4.06	12.9	69.2	89	37.937	209.9	250.0	261.57	1723.7	29.00	8.839	28.73
50.00	23576	0	11643	99	122.3	4.01	12.6	66.3	87	37.932	211.2	250.0	261.53	1723.7	29.00	8.839	28.73
51.00	23576	0	11696	76	121.6	4.05	12.4	64.3	86	37.948	197.1	250.0	261.64	1723.7	29.00	8.839	28.73
52.00	23469	0	11658	76	120.8	4.19	12.3	62.9	85	37.952	199.3	250.0	261.67	1723.7	29.00	8.839	28.73
53.00	23698	0	11628	84	118.2	4.12	12.2	61.8	84	37.951	211.8	250.0	261.66	1723.7	29.00	8.839	28.73
54.00	23476	0	11574	137	115.5	3.82	12.2	61.0	84	37.902	210.3	250.0	261.33	1723.7	29.00	8.839	28.73
55.00	23682	0	11666	99	114.4	4.15	12.1	60.5	84	37.903	213.9	250.0	261.33	1723.7	29.00	8.839	28.73
56.00	23667	0	11528	99	114.1	3.74	12.1	60.0	83	37.905	217.5	250.0	261.34	1723.7	29.00	8.839	28.73
57.00	23614	0	11658	137	113.8	3.86	12.1	59.6	83	37.921	216.4	250.0	261.46	1723.7	29.00	8.839	28.73
58.00	23690	0	11620	76	113.8	4.02	12.1	59.4	83	37.905	217.9	250.0	261.35	1723.7	29.00	8.839	28.73
59.00	23545	0	11635	31	113.8	4.09	12.1	59.1	83	37.892	219.1	250.0	261.26	1723.7	29.00	8.839	28.73
60.00	23522	0	11574	76	113.9	3.76	12.1	59.0	84	37.898	216.3	250.0	261.29	1723.7	29.00	8.839	28.73
61.00	23354	0	11582	69	114.3	3.94	12.1	58.8	84	37.884	215.6	250.0	261.20	1723.7	29.00	8.839	28.73
62.00	23316	0	11612	53	114.8	3.94	12.2	58.8	84	37.869	215.4	250.0	261.10	1723.7	29.00	8.839	28.73
63.00	23370	0	11635	99	115.0	4.18	12.2	58.7	84	37.867	212.3	250.0	261.08	1723.7	29.00	8.839	28.73
64.00	23499	0	11574	122	115.8	3.63	12.2	58.7	84	37.860	204.3	250.0	261.04	1723.7	29.00	8.839	28.73
65.00	23293	0	11612	46	117.5	4.14	12.2	58.6	84	37.839	201.8	250.0	260.89	1723.7	29.00	8.839	28.73
66.00	23385	0	11567	114	118.2	3.85	12.3	58.6	85	37.830	202.7	250.0	260.83	1723.7	29.00	8.839	28.73
67.00	23278	0	11498	122	118.9	4.03	12.3	58.6	85	37.830	204.5	250.0	260.83	1723.7	29.00	8.839	28.73
68.00	23217	0	11589	76	119.2	3.90	12.3	58.6	85	37.819	206.1	250.0	260.75	1723.7	29.00	8.839	28.73
69.00	23247	0	11521	99	119.7	4.13	12.3	58.6	85	37.810	204.2	250.0	260.69	1723.7	29.00	8.839	28.73
70.00	23057	0	11475	76	121.2	4.07	12.4	58.6	85	37.782	202.5	250.0	260.49	1723.7	29.00	8.839	28.73
71.00	23103	0	11521	76	121.6	4.27	12.4	58.6	85	37.803	202.6	250.0	260.64	1723.7	29.00	8.839	28.73
72.00	23011	0	11513	99	122.4	4.05	12.4	58.6	86	37.833	202.6	250.0	260.85	1723.7	29.00	8.839	28.73
73.00	22927	0	11521	38	124.2	4.33	12.4	58.7	86	37.828	188.2	250.0	260.81	1723.7	29.00	8.839	28.73
74.00	23064	0	11483	46	124.7	4.19	12.5	58.7	86	37.810	184.0	250.0	260.69	1723.7	29.00	8.839	28.73
75.00	23125	0	11612	38	124.8	4.07	12.5	58.7	86	37.834	185.7	250.0	260.85	1723.7	29.00	8.839	28.73
76.00	23072	0	11498	107	125.1	4.05	12.5	58.7	86	37.829	186.3	250.0	260.82	1723.7	29.00	8.839	28.73
77.00	23087	0	11475	122	125.0	4.02	12.5	58.8	86	37.765	187.8	250.0	260.38	1723.7	29.00	8.839	28.73
78.00	23186	0	11452	69	124.6	3.96	12.5	58.8	86	37.715	187.5	250.0	260.03	1723.7	29.00	8.839	28.73
79.00	23217	0	11513	84	123.9	3.91	12.6	58.8	87	37.711	195.5	250.0	260.01	1723.7	29.00	8.839	28.73
80.00	23057	0	11490	145	123.1	4.24	12.6	58.8	87	37.671	194.5	250.0	259.73	1723.7	29.00	8.839	28.73
81.00	23148	0	11460	99	122.0	3.93	12.6	58.8	87	37.687	192.6	250.0	259.84	1723.7	29.00	8.839	28.73
82.00	23164	0	11429	84	120.9	3.90	12.6	58.8	87	37.682	190.5	250.0	259.81	1723.7	29.00	8.839	28.73
83.00	23309	0	11536	46	118.7	4.00	12.6	58.9	87	37.665	187.0	250.0	259.69	1723.7	29.00	8.839	28.73
84.00	23309	0	11460	53	116.4	4.03	12.6	58.9	87	37.670	192.2	250.0	259.73	1723.7	29.00	8.839	28.73
85.00	23232	0	11429	38	115.6	4.13	12.7	58.9	87	37.704	197.6	250.0	259.96	1723.7	29.00	8.839	28.73
86.00	23400	0	11475	84	115.1	4.15	12.7	58.9	87	37.709	197.2	250.0	260.00	1723.7	29.00	8.839	28.73
87.00	23408	0	11460	61	115.0	4.14	12.7	58.9	87	37.708	194.7	250.0	259.99	1723.7	29.00	8.839	28.73
88.00	23255	0	11429	38	115.0	4.04	12.7	59.0	88	37.735	197.5	250.0	260.18	1723.7	29.00	8.839	28.73
89.00	23408	0	11391	61	115.1	4.12	12.7	59.0	88	37.724	199.1	250.0	260.10	1723.7	29.00	8.839	28.73
90.00	23240	0	11414	69	115.3	4.04	12.7	59.0	88	37.758	198.8	250.0	260.33	1723.7	29.00	8.839	28.73
91.00	23232	0	11475	53	115.9	3.83	12.7	59.0	88	37.747	197.9	250.0	260.26	1723.7	29.00	8.839	28.73
92.00	23003	0	11475	99	117.2	4.02	12.7	59.0	88	37.727	198.4	250.0	260.12	1723.7	29.00	8.839	28.73
93.00	23026	0	11376	99	117.7	4.11	12.7	59.0	88	37.687	198.4	250.0	259.84	1723.7	29.00	8.839	28.73
94.00	22958	0	11452	122	117.8	4.04	12.8	59.0	88	37.681	199.0	250.0	259.80	1723.7	29.00	8.839	28.73
95.00	22797	0	11391	23	118.5	3.99	12.8	59.0	88	37.682	194.4	250.0	259.81	1723.7	29.00	8.839	28.73
96.00	22759	0	11399	61	119.9	4.08	12.8	59.0	88	37.680	196.9	250.0	259.80	1723.7	29.00	8.839	28.73
97.00	22767	0	11284	84	120.4	4.09	12.8	59.1	88	37.656	196.4	250.0	259.63	1723.7	29.00	8.839	28.73
98.00	22851	0	11666	53	120.8	3.88	12.8	59.1	88	37.665	193.9	250.0	259.69	1723.7	29.00	8.839	28.73
99.00	22858	0	12337	69	121.9	4.18	12.8	59.1	88	37.692	188.3	250.0	259.88	1723.7	29.00	8.839	28.73
100.00	22866	0	12467	61	123.4	3.99	12.8	59.0	88	37.670	197.3	250.0	259.73	1723.7	29.00	8.839	28.73
101.00	22927	0	12482	76	124.4	4.04	12.8	58.9	88	37.682	200.4	250.0	259.81	1723.7	29.00	8.839	28.73
102.00	36554	0	12421	76	125.3	4.01	12.8	58.8	88	37.669	197.3	250.0	259.72	1723.7	29.00	8.839	28.73
103.00	123547	0	22256	84	125.8	4.00	12.8	58.7	89	37.673	200.8	250.0	259.74	1723.7	29.00	8.839	28.73
104.00	155904	0	98895	69	126.0	4.05	12.9	58.6	89	37.676	202.5	250.0	259.77	1723.7	29.00	8.839	28.73
105.00	147389	0	134259	46	126.2	3.90	12.9	58.5	89	37.663	200.7	250.0	259.67	1723.7	29.00	8.839	28.73
106.00	143521	0	114719	84	126.3	4.16	12.9	58.4	89	37.644	200.3	250.0	259.55	1723.7	29.00	8.839	28.73
107.00	164991	0	86650	46	126.2	4.07	12.9	58.4	89	37.645	203.7	250.0	259.55	1723.7	29.00	8.839	28.73
108.00	206236	0	65752	69	125.7	4.15	13.0	58.3	89	37.648	203.4	250.0	259.57	1723.7	29.00	8.839	28.73
109.00	237854	0	52118	114	125.0	4.10	13.0	58.3	90	37.664	197.3	250.0	259.68	1723.7	29.00	8.839	28.73
110.00	241928	0	43527	46	124.1	3.65	13.0	58.3	90	37.683	191.2	250.0	259.82	1723.7	29.00	8.839	28.73
111.00	230209	0	38697	69	122.8	4.17	13.1	58.3	90	37.688	192.5	250.0	259.85	1723.7	29.00	8.839	28.73
112.00	203047	0	35951	38	122.2	3.61	13.1	58.3	90	37.678	194.2	250.0	259.78	1723.7	29.00	8.839	28.73
113.00	168645	0	33921	61	121.5	4.07	13.1	58.3	90	37.699	200.8	250.0	259.93	1723.7	29.00	8.839	28.73
114.00	144841	0	31884	46	118.7	4.04	13.1	58.3	91	37.703	201.4	250.0	259.96	1723.7	29.00	8.839	28.73
115.00	132115	0	29977	130	116.0	3.98	13.2	58.3	91	37.663	201.4	250.0	259.68	1723.7	29.00	8.839	28.73
116.00	127033	0	28428	76	114.7	3.90	13.2	58.3	91	37.598	203.8	250.0	259.23	1723.7	29.00	8.839	28.73
117.00	125080	0	27306	53	113.9	4.09	13.2	58.3	91	37.599	204.7	250.0	259.24	1723.7	29.00	8.839	28.73
118.00	122112	0	26444	69	113.8	3.85	13.3	58.4	91	37.614	200.0	250.0	259.34	1723.7	29.00	8.839	28.73
119.00	118572	0	26048	46	113.8	4.00	13.3	58.4	92	37.623	203.6	250.0	259.40	1723.7	29.00	8.839	28.73
120.00	114696	0	25658	99	113.9	4.30	13.3	58.4	92	37.623	202.2	250.0	259.40	1723.7	29.00	8.839	28.73
121.00	110561	0	25468	61	114.1	3.98	13.3	58.4	92	37.619	191.7	250.0	259.38	1723.7	29.00	8.839	28.73
122.00	105663	0	25300	84	114.3	3.92	13.4	58.4	92	37.633	189.5	250.0	259.47	1723.7	29.00	8.839	28.73
123.00	103565	0	24972	76	114.8	4.12	13.4	58.5	92	37.646	189.6	250.0	259.56	1723.7	29.00	8.839	28.73
124.00	101390	0	25231	53	116.4	4.12	13.4	58.5	93	37.661	195.3	250.0	259.66	1723.7	29.00	8.839	28.73
125.00	95927	0	25323	107	117.4	4.23	13.4	58.6	93	37.640	200.5	250.0	259.52	1723.7	29.00	8.839	28.73
126.00	58229	0	24621	92	118.3	4.09	13.5	58.8	93	37.634	204.5	250.0	259.48	1723.7	29.00	8.839	28.73
127.00	39598	0	19997	61	118.7	3.98	13.5	59.1	93	37.631	209.9	250.0	259.46	1723.7	29.00	8.839	28.73
128.00	35684	0	17685	76	119.0	4.15	13.5	59.2	93	37.627	213.1	250.0	259.43	1723.7	29.00	8.839	28.73
129.00	33357	0	17273	99	119.8	4.00	13.5	59.4	93	37.636	212.8	250.0	259.49	1723.7	29.00	8.839	28.73
130.00	31777	0	17090	69	121.1	4.08	13.5	59.5	93	37.642	215.3	250.0	259.53	1723.7	29.00	8.839	28.73
131.00	30633	0	17067	61	122.2	4.14	13.4	59.6	93	37.650	216.3	250.0	259.59	1723.7	29.00	8.839	28.73
132.00	29809	0	17090	61	123.0	3.86	13.4	59.7	93	37.641	214.3	250.0	259.53	1723.7	29.00	8.839	28.73
133.00	28985	0	17167	76	123.5	4.01	13.4	59.7	92	37.641	208.6	250.0	259.53	1723.7	29.00	8.839	28.73

0.00	25315	0	13260	46	122.0	3.78	24.3	7.2	168	38.817	188.2	250.0	267.63	1723.7	30.00	9.144	29.73
1.00	25170	0	13253	38	122.0	3.75	24.8	4.8	171	38.573	188.9	250.0	265.95	1723.7	30.00	9.144	29.73
2.00	25269	0	13131	69	121.7	3.75	25.1	2.8	173	38.507	190.6	250.0	265.50	1723.7	30.00	9.144	29.73
3.00	25338	0	13077	84	121.3	3.68	25.3	1.5	174	38.524	192.2	250.0	265.62	1723.7	30.00	9.144	29.73
4.00	25323	0	13062	38	120.5	3.84	25.4	0.6	175	38.487	195.5	250.0	265.36	1723.7	30.00	9.144	29.73
5.00	25468	0	13031	46	118.6	3.84	25.5	0.2	175	38.388	196.0	250.0	264.68	1723.7	30.00	9.144	29.73
6.00	25513	0	12963	122	116.4	3.65	25.5	0.0	176	38.362	206.1	250.0	264.49	1723.7	30.00	9.144	29.73
7.00	25353	0	12993	92	116.0	3.76	25.5	0.0	176	38.363	199.1	250.0	264.50	1723.7	30.00	9.144	29.73
8.00	25430	0	12886	92	115.7	3.85	25.5	0.0	176	38.351	197.0	250.0	264.42	1723.7	30.00	9.144	29.73
9.00	25414	0	12848	92	115.4	3.73	25.6	0.0	176	38.341	202.3	250.0	264.35	1723.7	30.00	9.144	29.73
10.00	25216	0	12757	92	115.2	3.69	25.6	0.0	176	38.353	206.7	250.0	264.43	1723.7	30.00	9.144	29.73
11.00	25117	0	12787	76	115.2	3.79	25.6	0.0	176	38.391	209.9	250.0	264.70	1723.7	30.00	9.144	29.73
12.00	24918	0	12703	38	115.2	3.44	25.6	0.0	176	38.394	207.5	250.0	264.72	1723.7	30.00	9.144	29.73
13.00	24819	0	12696	69	115.1	3.42	25.6	0.0	177	38.386	207.3	250.0	264.66	1723.7	30.00	9.144	29.73
14.00	24903	0	12711	31	114.9	3.63	25.6	0.0	177	38.394	210.4	250.0	264.72	1723.7	30.00	9.144	29.73
15.00	24789	0	12558	53	115.0	3.69	25.6	0.0	177	38.353	207.0	250.0	264.43	1723.7	30.00	9.144	29.73
16.00	24888	0	12566	69	115.2	3.80	25.6	0.0	177	38.319	202.9	250.0	264.20	1723.7	30.00	9.144	29.73
17.00	24964	0	12551	107	115.9	3.94	25.6	0.0	177	38.350	210.8	250.0	264.41	1723.7	30.00	9.144	29.73
18.00	24995	0	12597	130	117.1	3.69	25.6	0.0	177	38.351	213.0	250.0	264.42	1723.7	30.00	9.144	29.73
19.00	24789	0	12520	76	117.6	3.72	25.6	0.0	177	38.324	210.0	250.0	264.23	1723.7	30.00	9.144	29.73
20.00	24773	0	12467	76	117.9	3.71	25.6	0.0	177	38.336	209.5	250.0	264.32	1723.7	30.00	9.144	29.73
21.00	24979	0	12444	76	118.9	3.82	25.6	0.0	177	38.363	208.6	250.0	264.50	1723.7	30.00	9.144	29.73
22.00	24957	0	12467	53	120.3	3.76	25.6	0.0	177	38.348	204.5	250.0	264.40	1723.7	30.00	9.144	29.73
23.00	24911	0	12391	84	120.8	3.66	25.6	0.0	177	38.373	191.7	250.0	264.57	1723.7	30.00	9.144	29.73
24.00	24873	0	12268	46	121.2	3.72	25.6	0.0	177	38.384	187.1	250.0	264.65	1723.7	30.00	9.144	29.73
25.00	25002	0	12352	92	122.1	3.81	25.6	0.0	177	38.371	190.4	250.0	264.56	1723.7	30.00	9.144	29.73
26.00	24804	0	12238	46	122.9	3.79	25.6	0.0	177	38.359	198.0	250.0	264.48	1723.7	30.00	9.144	29.73
27.00	24850	0	12299	69	123.4	3.70	25.6	0.0	177	38.368	198.9	250.0	264.54	1723.7	30.00	9.144	29.73
28.00	24880	0	12268	122	124.3	3.78	25.6	0.0	177	38.363	197.9	250.0	264.50	1723.7	30.00	9.144	29.73
29.00	24949	0	12246	38	125.0	3.73	25.6	0.0	177	38.325	197.5	250.0	264.24	1723.7	30.00	9.144	29.73
30.00	24674	0	12192	69	124.8	3.77	25.6	0.0	177	38.330	197.7	250.0	264.28	1723.7	30.00	9.144	29.73
31.00	24483	0	12207	84	124.7	3.83	25.6	0.0	177	38.346	198.0	250.0	264.39	1723.7	30.00	9.144	29.73
32.00	24751	0	12139	76	124.3	3.76	24.7	44.1	170	38.343	200.5	250.0	264.37	1723.7	30.00	9.144	29.73
33.00	24689	0	12078	69	123.5	3.74	19.7	130.1	135	38.341	201.4	250.0	264.36	1723.7	30.00	9.144	29.73
34.00	24522	0	12093	107	122.6	3.86	16.4	122.2	113	38.365	203.9	250.0	264.51	1723.7	30.00	9.144	29.73
35.00	24545	0	12116	84	122.1	3.81	14.8	96.5	102	38.379	204.9	250.0	264.62	1723.7	30.00	9.144	29.73
36.00	24407	0	12139	76	120.9	3.80	13.8	82.0	95	38.356	206.0	250.0	264.46	1723.7	30.00	9.144	29.73
37.00	24445	0	12001	69	118.1	3.69	13.2	74.1	91	38.368	206.3	250.0	264.54	1723.7	30.00	9.144	29.73
38.00	24316	0	12123	107	115.3	3.82	12.8	69.4	89	38.360	208.6	250.0	264.48	1723.7	30.00	9.144	29.73
39.00	24308	0	12101	99	114.4	3.82	12.6	66.5	87	38.362	208.7	250.0	264.50	1723.7	30.00	9.144	29.73
40.00	24392	0	12055	76	114.2	3.70	12.4	64.4	85	38.364	205.9	250.0	264.51	1723.7	30.00	9.144	29.73
41.00	24316	0	12070	76	114.0	3.91	12.3	63.0	85	38.369	207.7	250.0	264.55	1723.7	30.00	9.144	29.73
42.00	24171	0	11986	46	113.8	3.67	12.2	61.9	84	38.361	210.4	250.0	264.49	1723.7	30.00	9.144	29.73
43.00	24201	0	12055	69	113.7	3.80	12.1	61.1	83	38.371	207.2	250.0	264.56	1723.7	30.00	9.144	29.73
44.00	24346	0	12055	38	113.8	3.66	12.1	60.5	83	38.362	210.6	250.0	264.50	1723.7	30.00	9.144	29.73
45.00	24384	0	12040	38	114.0	3.84	12.0	60.0	83	38.371	212.5	250.0	264.56	1723.7	30.00	9.144	29.73
46.00	24354	0	12001	69	114.2	3.62	12.0	59.6	83	38.397	209.6	250.0	264.74	1723.7	30.00	9.144	29.73
47.00	24323	0	11895	31	114.8	3.95	12.0	59.3	83	38.386	207.3	250.0	264.66	1723.7	30.00	9.144	29.73
48.00	24499	0	11971	84	116.1	3.62	12.0	59.1	83	38.378	200.6	250.0	264.61	1723.7	30.00	9.144	29.73
49.00	24369	0	11811	114	117.1	3.85	12.1	58.9	83	38.362	199.1	250.0	264.50	1723.7	30.00	9.144	29.73
50.00	24438	0	11971	69	117.3	3.53	12.1	58.8	83	38.354	198.6	250.0	264.44	1723.7	30.00	9.144	29.73
51.00	24461	0	11902	84	117.8	3.55	12.1	58.7	83	38.353	199.9	250.0	264.43	1723.7	30.00	9.144	29.73
52.00	24377	0	11818	92	119.2	3.80	12.1	58.6	84	38.337	202.1	250.0	264.32	1723.7	30.00	9.144	29.73
53.00	24300	0	11879	69	120.2	3.81	12.2	58.6	84	38.346	201.1	250.0	264.39	1723.7	30.00	9.144	29.73
54.00	24293	0	11788	76	120.7	3.90	12.2	58.5	84	38.331	195.2	250.0	264.28	1723.7	30.00	9.144	29.73
55.00	24377	0	11849	61	121.3	4.00	12.2	58.5	84	38.288	194.9	250.0	263.98	1723.7	30.00	9.144	29.73
56.00	24331	0	11834	61	122.5	3.81	12.2	58.5	84	38.261	201.0	250.0	263.80	1723.7	30.00	9.144	29.73
57.00	24560	0	11887	76	123.8	3.86	12.3	58.5	85	38.273	208.8	250.0	263.89	1723.7	30.00	9.144	29.73
58.00	24621	0	11818	84	124.5	3.81	12.3	58.5	85	38.319	217.1	250.0	264.20	1723.7	30.00	9.144	29.73
59.00	24598	0	11856	53	124.7	3.75	12.3	58.5	85	38.328	214.0	250.0	264.26	1723.7	30.00	9.144	29.73
60.00	24300	0	11818	84	125.2	3.86	12.4	58.5	85	38.312	217.2	250.0	264.15	1723.7	30.00	9.144	29.73
61.00	24232	0	11750	76	125.6	3.89	12.4	58.6	85	38.284	214.2	250.0	263.96	1723.7	30.00	9.144	29.73
62.00	24255	0	11719	92	125.5	3.74	12.4	58.6	86	38.272	201.3	250.0	263.88	1723.7	30.00	9.144	29.73
63.00	24049	0	11765	61	125.2	3.85	12.4	58.6	86	38.310	199.1	250.0	264.14	1723.7	30.00	9.144	29.73
64.00	24064	0	11765	84	124.3	3.84	12.5	58.6	86	38.289	201.4	250.0	264.00	1723.7	30.00	9.144	29.73
65.00	24087	0	11773	114	123.4	4.05	12.5	58.6	86	38.268	198.3	250.0	263.85	1723.7	30.00	9.144	29.73
66.00	24094	0	11757	53	122.5	3.85	12.5	58.7	86	38.261	200.6	250.0	263.80	1723.7	30.00	9.144	29.73
67.00	24064	0	11681	92	121.6	3.66	12.5	58.7	86	38.279	202.8	250.0	263.92	1723.7	30.00	9.144	29.73
68.00	24018	0	11704	122	120.2	3.91	12.5	58.7	86	38.279	203.3	250.0	263.93	1723.7	30.00	9.144	29.73
69.00	23919	0	11750	107	118.9	3.81	12.6	58.7	87	38.272	203.2	250.0	263.88	1723.7	30.00	9.144	29.73
70.00	23949	0	11689	46	116.6	3.82	12.6	58.8	87	38.283	206.8	250.0	263.95	1723.7	30.00	9.144	29.73
71.00	23980	0	11635	92	115.6	3.91	12.6	58.8	87	38.309	209.5	250.0	264.13	1723.7	30.00	9.144	29.73
72.00	23728	0	11734	76	115.2	3.98	12.6	58.8	87	38.329	205.8	250.0	264.27	1723.7	30.00	9.144	29.73
73.00	23759	0	11742	84	115.1	3.78	12.6	58.9	87	38.298	202.4	250.0	264.05	1723.7	30.00	9.144	29.73
74.00	23881	0	11734	84	115.0	4.15	12.6	58.9	87	38.274	209.5	250.0	263.89	1723.7	30.00	9.144	29.73
75.00	23827	0	11635	61	115.2	3.74	12.7	58.9	87	38.239	211.8	250.0	263.65	1723.7	30.00	9.144	29.73
76.00	23850	0	11635	23	115.4	3.93	12.7	58.9	87	38.234	208.6	250.0	263.61	1723.7	30.00	9.144	29.73
77.00	24003	0	11704	23	116.3	3.58	12.7	58.9	87	38.243	195.3	250.0	263.67	1723.7	30.00	9.144	29.73
78.00	24117	0	11727	122	116.7	3.78	12.7	58.9	87	38.205	190.2	250.0	263.41	1723.7	30.00	9.144	29.73
79.00	23995	0	11605	84	117.0	3.97	12.7	59.0	88	38.190	198.3	250.0	263.31	1723.7	30.00	9.144	29.73
80.00	24270	0	11673	99	118.3	3.81	12.7	59.0	88	38.192	201.7	250.0	263.32	1723.7	30.00	9.144	29.73
81.00	24186	0	11643	69	119.3	3.78	12.7	59.0	88	38.205	202.6	250.0	263.42	1723.7	30.00	9.144	29.73
82.00	24064	0	11673	46	119.5	3.83	12.7	59.0	88	38.254	201.3	250.0	263.75	1723.7	30.00	9.144	29.73
83.00	24049	0	11597	122	120.3	3.81	12.7	59.0	88	38.268	200.3	250.0	263.85	1723.7	30.00	9.144	29.73
84.00	24163	0	11650	53	121.9	4.04	12.7	59.0	88	38.256	201.3	250.0	263.77	1723.7	30.00	9.144	29.73
85.00	24194	0	11666	99	123.0	3.90	12.8	59.0	88	38.255	202.2	250.0	263.76	1723.7	30.00	9.144	29.73
86.00	24049	0	11582	84	123.8	3.77	12.8	59.0	88	38.280	201.0	250.0	263.93	1723.7	30.00	9.144	29.73
87.00	24110	0	11971	69	124.2	4.05	12.8	59.0	88	38.250	198.4	250.0	263.72	1723.7	30.00	9.144	29.73
88.00	24140	0	12467	76	124.7	4.06	12.8	59.0	88	38.210	189.2	250.0	263.45	1723.7	30.00	9.144	29.73
89.00	24377	0	12619	99	125.7	3.77	12.8	59.0	88	38.202	196.5	250.0	263.39	1723.7	30.00	9.144	29.73
90.00	24194	0	12726	92	125.7	3.85	12.8	58.9	88	38.183	200.5	250.0	263.26	1723.7	30.00	9.144	29.73
91.00	26879	0	12673	38	125.6	3.79	12.8	58.8	88	38.182	200.7	250.0	263.26	1723.7	30.00	9.144	29.73
92.00	73603	0	16030	107	125.3	3.76	12.8	58.7	88	38.184	202.2	250.0	263.27	1723.7	30.00	9.144	29.73
93.00	102687	0	60060	92	124.5	3.89	12.9	58.6	89	38.181	199.0	250.0	263.25	1723.7	30.00	9.144	29.73
94.00	97942	0	88198	61	123.5	3.87	12.9	58.5	89	38.174	194.7	250.0	263.20	1723.7	30.00	9.144	29.73
95.00	101039	0	76930	84	122.9	3.76	12.9	58.4	89	38.196	204.0	250.0	263.35	1723.7	30.00	9.144	29.73
96.00	132061	0	57695	23	121.7	3.74	12.9	58.4	89	38.207	203.6	250.0	263.42	1723.7	30.00	9.144	29.73
97.00	180906	0	42947	46	120.6	3.88	13.0	58.3	89	38.196	198.4	250.0	263.35	1723.7	30.00	9.144	29.73
98.00	214766	0	33769	61	119.2	3.86	13.0	58.3	90	38.206	196.8	250.0	263.42	1723.7	30.00	9.144	29.73
99.00	216994	0	28329	114	117.9	3.89	13.0	58.3	90	38.223	197.8	250.0	263.54	1723.7	30.00	9.144	29.73
100.00	203688	0	25346	69	116.1	3.89	13.1	58.3	90	38.222	207.3	250.0	263.53	1723.7	30.00	9.144	29.73
101.00	175077	0	23698	61	115.4	3.80	13.1	58.3	90	38.224	200.1	250.0	263.55	1723.7	30.00	9.144	29.73
102.00	142705	0	22561	84	115.3	4.04	13.1	58.3	90	38.198	194.2	250.0	263.37	1723.7	30.00	9.144	29.73
103.00	121700	0	21455	53	115.2	3.88	13.1	58.3	91	38.178	200.9	250.0	263.23	1723.7	30.00	9.144	29.73
104.00	111827	0	20417	53	115.1	3.92	13.2	58.3	91	38.197	202.2	250.0	263.36	1723.7	30.00	9.144	29.73
105.00	109615	0	19768	76	115.4	3.84	13.2	58.3	91	38.192	202.6	250.0	263.32	1723.7	30.00	9.144	29.73
106.00	110790	0	19272	69	116.2	3.71	13.2	58.3	91	38.193	200.9	250.0	263.33	1723.7	30.00	9.144	29.73
107.00	111530	0	19127	137	116.9	3.85	13.3	58.3	91	38.194	191.3	250.0	263.34	1723.7	30.00	9.144	29.73
108.00	110630	0	19036	130	117.7	3.88	13.3	58.4	92	38.176	179.3	250.0	263.21	1723.7	30.00	9.144	29.73
109.00	107768	0	19189	76	118.6	3.86	13.3	58.4	92	38.174	186.4	250.0	263.20	1723.7	30.00	9.144	29.73
110.00	103839	0	19242	69	119.4	3.88	13.3	58.4	92	38.153	195.0	250.0	263.06	1723.7	30.00	9.144	29.73
111.00	98346	0	19341	99	120.3	3.84	13.4	58.4	92	38.147	198.7	250.0	263.01	1723.7	30.00	9.144	29.73
112.00	94111	0	19402	84	121.1	3.97	13.4	58.4	92	38.144	201.4	250.0	262.99	1723.7	30.00	9.144	29.73
113.00	90556	0	19646	46	121.3	3.75	13.4	58.5	93	38.149	202.2	250.0	263.03	1723.7	30.00	9.144	29.73
114.00	85261	0	19913	92	122.4	3.76	13.4	58.6	93	38.162	199.4	250.0	263.12	1723.7	30.00	9.144	29.73
115.00	55010	0	19814	69	124.1	3.80	13.5	58.8	93	38.149	197.9	250.0	263.03	1723.7	30.00	9.144	29.73
116.00	37729	0	17335	61	125.0	3.82	13.5	59.0	93	38.165	200.9	250.0	263.14	1723.7	30.00	9.144	29.73
117.00	34097	0	16045	53	125.5	3.92	13.5	59.2	93	38.175	203.0	250.0	263.21	1723.7	30.00	9.144	29.73
118.00	32495	0	15923	76	125.7	3.93	13.5	59.4	93	38.157	202.6	250.0	263.08	1723.7	30.00	9.144	29.73
119.00	31182	0	15999	76	126.0	3.73	13.5	59.5	93	38.155	208.3	250.0	263.07	1723.7	30.00	9.144	29.73
120.00	30122	0	16091	61	126.2	3.85	13.4	59.6	93	38.151	206.8	250.0	263.04	1723.7	30.00	9.144	29.73
121.00	29366	0	16213	92	125.8	3.84	13.4	59.6	93	38.172	201.1	250.0	263.19	1723.7	30.00	9.144	29.73
122.00	28603	0	16251	53	125.5	3.85	13.4	59.7	92	38.187	197.2	250.0	263.29	1723.7	30.00	9.144	29.73
123.00	28069	0	16434	107	125.0	3.71	13.4	59.7	92	38.198	191.6	250.0	263.37	1723.7	30.00	9.144	29.73
124.00	27490	0	16640	53	124.1	3.74	13.4	59.7	92	38.199	188.6	250.0	263.37	1723.7	30.00	9.144	29.73
125.00	27070	0	16839	31	122.8	3.94	13.4	59.7	92	38.198	188.6	250.0	263.37	1723.7	30.00	9.144	29.73
126.00	26742	0	16892	61	121.7	3.77	13.3	59.7	92	38.160	189.6	250.0	263.11	1723.7	30.00	9.144	29.73
127.00	26383	0	16877	99	120.7	3.94	13.3	59.7	92	38.147	189.6	250.0	263.02	1723.7	30.00	9.144	29.73
128.00	26040	0	16961	46	119.6	3.61	13.3	59.7	92	38.164	189.5	250.0	263.13	1723.7	30.00	9.144	29.73
129.00	25887	0	17098	61	118.1	3.73	13.3	59.7	92	38.146	194.0	250.0	263.01	1723.7	30.00	9.144	29.73
130.00	25681	0	17174	46	115.9	3.92	13.3	59.6	92	38.164	198.5	250.0	263.13	1723.7	30.00	9.144	29.73
131.00	25369	0	17228	38	115.1	3.79	13.3	59.6	91	38.194	191.6	250.0	263.34	1723.7	30.00	9.144	29.73
132.00	25201	0	17441	84	115.1	3.65	13.3	59.6	91	38.177	190.1	250.0	263.22	1723.7	30.00	9.144	29.73
133.00	24888	0	17479	53	115.0	3.76	13.2	59.6	91	38.143	189.3	250.0	262.99	1723.7	30.00	9.144	29.73
134.00	24781	0	17449	84	115.0	3.81	13.2	59.6	91	38.154	188.7	250.0	263.06	1723.7	30.00	9.144	29.73
135.00	24384	0	17609	130	115.3	3.91	13.2	59.5	91	38.132	190.0	250.0	262.91	1723.7	30.00	9.144	29.73

0.00	24209	0	11780	61	119.2	4.08	14.0	18.4	97	39.139	203.6	250.0	269.85	1723.7	30.85	9.403	30.58
1.00	23988	0	11711	53	119.5	3.99	15.2	18.4	105	39.178	200.6	250.0	270.12	1723.7	30.85	9.403	30.58
2.00	24026	0	11711	153	119.9	4.33	16.5	18.3	114	39.213	196.5	250.0	270.36	1723.7	30.89	9.415	30.62
3.00	23827	0	11711	15	120.1	4.07	17.7	18.3	122	39.074	199.4	250.0	269.41	1723.7	30.90	9.418	30.63
4.00	24010	0	11811	107	120.2	4.10	19.0	18.3	131	39.233	206.6	250.0	270.50	1723.7	30.90	9.418	30.63
5.00	23782	0	11841	38	120.3	4.08	20.2	18.2	139	39.322	214.3	250.0	271.11	1723.7	30.90	9.418	30.63
6.00	23774	0	11795	114	120.8	4.02	21.4	14.8	147	39.209	203.0	250.0	270.34	1723.7	30.90	9.418	30.63
7.00	23835	0	11788	84	121.1	4.02	22.1	6.1	152	39.345	191.8	250.0	271.28	1723.7	30.94	9.431	30.67
8.00	23705	0	11948	69	121.1	4.15	22.5	7.4	155	39.235	191.8	250.0	270.52	1723.7	30.95	9.434	30.68
9.00	23667	0	11803	92	121.3	4.07	23.3	10.8	160	39.401	196.7	250.0	271.66	1723.7	30.95	9.434	30.68
10.00	23659	0	11795	76	121.4	4.13	23.9	8.4	165	39.636	200.8	250.0	273.28	1723.7	30.95	9.434	30.68
11.00	23659	0	11811	84	121.7	4.10	24.5	6.1	169	39.380	202.3	250.0	271.51	1723.7	30.95	9.434	30.68
12.00	23728	0	11727	53	122.0	3.97	24.9	3.8	172	39.555	201.9	250.0	272.72	1723.7	30.95	9.434	30.68
13.00	23644	0	11795	46	121.8	4.03	25.1	2.1	173	39.484	201.9	250.0	272.23	1723.7	30.95	9.434	30.68
14.00	23560	0	11750	69	121.6	4.14	25.3	1.0	174	39.395	202.5	250.0	271.62	1723.7	30.95	9.434	30.68
15.00	23812	0	11742	61	120.7	4.16	25.4	0.4	175	39.253	202.8	250.0	270.64	1723.7	30.95	9.434	30.68
16.00	23850	0	11803	99	119.4	4.18	25.4	0.0	175	39.210	205.1	250.0	270.35	1723.7	30.95	9.434	30.68
17.00	23759	0	11658	69	118.2	4.07	25.5	0.0	176	39.089	201.7	250.0	269.51	1723.7	30.95	9.434	30.68
18.00	23904	0	11544	76	117.1	4.38	25.5	0.0	176	38.985	197.2	250.0	268.79	1723.7	30.95	9.434	30.68
19.00	23965	0	11658	84	116.9	4.23	25.5	0.0	176	38.904	193.7	250.0	268.23	1723.7	30.95	9.434	30.68
20.00	23827	0	11689	122	116.6	4.19	25.6	0.0	176	38.837	192.0	250.0	267.77	1723.7	30.95	9.434	30.68
21.00	23766	0	11650	99	116.3	4.06	25.6	0.0	176	38.783	203.6	250.0	267.40	1723.7	30.95	9.434	30.68
22.00	23789	0	11681	84	116.2	4.19	25.6	0.0	176	38.751	210.7	250.0	267.18	1723.7	30.95	9.434	30.68
23.00	23980	0	11620	53	116.1	4.06	25.6	0.0	176	38.787	209.7	250.0	267.42	1723.7	30.95	9.434	30.68
24.00	23736	0	11643	76	116.2	4.13	25.6	0.0	176	38.787	190.9	250.0	267.43	1723.7	30.95	9.434	30.68
25.00	23904	0	11635	69	116.4	4.11	25.6	0.0	176	38.803	193.0	250.0	267.54	1723.7	30.95	9.434	30.68
26.00	23980	0	11559	53	116.6	4.09	25.6	0.0	177	38.808	192.5	250.0	267.58	1723.7	30.95	9.434	30.68
27.00	24163	0	11544	137	117.4	3.94	25.6	0.0	177	38.777	189.9	250.0	267.36	1723.7	30.95	9.434	30.68
28.00	24064	0	11605	38	118.0	4.19	25.6	0.0	177	38.720	188.0	250.0	266.97	1723.7	30.95	9.434	30.68
29.00	23904	0	11704	130	118.6	4.13	25.6	0.0	177	38.702	190.7	250.0	266.84	1723.7	30.95	9.434	30.68
30.00	23942	0	11612	61	118.9	4.06	25.6	0.0	177	38.690	194.9	250.0	266.76	1723.7	30.95	9.434	30.68
31.00	23934	0	11597	61	119.6	4.16	25.6	0.0	177	38.700	197.5	250.0	266.82	1723.7	30.95	9.434	30.68
32.00	23789	0	11536	69	120.7	4.08	25.6	0.0	177	38.690	199.5	250.0	266.76	1723.7	30.95	9.434	30.68
33.00	23568	0	11422	76	121.7	3.95	25.6	0.0	177	38.688	201.3	250.0	266.74	1723.7	30.95	9.434	30.68
34.00	23934	0	11505	114	122.2	4.14	25.6	0.0	177	38.690	201.2	250.0	266.76	1723.7	30.95	9.434	30.68
35.00	23865	0	11544	114	122.5	4.15	25.6	0.0	177	38.690	204.7	250.0	266.75	1723.7	30.95	9.434	30.68
36.00	23644	0	11490	38	123.1	4.05	25.6	0.0	177	38.693	205.1	250.0	266.78	1723.7	30.95	9.434	30.68
37.00	23812	0	11582	38	123.9	4.09	25.6	0.0	177	38.706	202.6	250.0	266.87	1723.7	30.95	9.434	30.68
38.00	23820	0	11513	76	124.0	4.00	25.6	0.0	177	38.690	203.0	250.0	266.75	1723.7	30.95	9.434	30.68
39.00	23751	0	11628	92	124.0	4.24	25.6	0.0	177	38.665	205.4	250.0	266.58	1723.7	30.95	9.434	30.68
40.00	23705	0	11635	114	123.9	3.98	25.6	0.0	177	38.669	202.9	250.0	266.61	1723.7	30.95	9.434	30.68
41.00	23736	0	11582	84	123.5	4.06	25.6	0.0	177	38.671	204.4	250.0	266.63	1723.7	30.95	9.434	30.68
42.00	23530	0	11330	122	122.5	4.12	25.6	0.0	177	38.647	206.0	250.0	266.46	1723.7	30.95	9.434	30.68
43.00	23629	0	11498	38	121.6	4.13	24.7	42.8	170	38.610	206.4	250.0	266.21	1723.7	30.95	9.434	30.68
44.00	23782	0	11559	76	120.4	4.18	19.7	130.1	136	38.627	207.2	250.0	266.33	1723.7	30.95	9.434	30.68
45.00	23751	0	11505	61	118.9	4.10	16.4	122.3	113	38.654	207.7	250.0	266.51	1723.7	30.95	9.434	30.68
46.00	23728	0	11528	76	117.6	4.19	14.8	96.5	102	38.655	207.8	250.0	266.51	1723.7	30.95	9.434	30.68
47.00	23675	0	11429	84	116.3	4.14	13.8	82.0	95	38.647	206.9	250.0	266.46	1723.7	30.95	9.434	30.68
48.00	23545	0	11498	76	115.3	4.16	13.2	74.1	91	38.644	208.4	250.0	266.44	1723.7	30.95	9.434	30.68
49.00	23705	0	11452	31	115.2	4.19	12.9	69.4	89	38.593	208.8	250.0	266.09	1723.7	30.95	9.434	30.68
50.00	23553	0	11452	31	115.1	4.16	12.6	66.4	87	38.578	208.8	250.0	265.99	1723.7	30.95	9.434	30.68
51.00	23499	0	11460	84	115.2	4.20	12.4	64.4	86	38.558	196.0	250.0	265.85	1723.7	30.95	9.434	30.68
52.00	23537	0	11498	38	115.4	4.06	12.3	62.9	85	38.563	194.9	250.0	265.88	1723.7	30.95	9.434	30.68
53.00	23591	0	11521	76	115.9	4.12	12.2	61.8	84	38.568	193.4	250.0	265.92	1723.7	30.95	9.434	30.68
54.00	23659	0	11597	61	116.3	4.21	12.1	61.1	84	38.549	193.4	250.0	265.79	1723.7	30.95	9.434	30.68
55.00	23537	0	11452	130	116.7	4.10	12.1	60.4	83	38.534	194.0	250.0	265.68	1723.7	30.95	9.434	30.68
56.00	23682	0	11490	38	117.7	4.28	12.1	59.9	83	38.537	194.7	250.0	265.71	1723.7	30.95	9.434	30.68
57.00	23766	0	11483	76	118.3	4.08	12.1	59.6	83	38.533	204.7	250.0	265.68	1723.7	30.95	9.434	30.68
58.00	23621	0	11513	76	118.8	4.24	12.1	59.3	83	38.534	207.0	250.0	265.68	1723.7	30.95	9.434	30.68
59.00	23782	0	11444	92	120.3	4.16	12.1	59.1	83	38.506	213.4	250.0	265.49	1723.7	30.95	9.434	30.68
60.00	23743	0	11483	92	121.4	4.22	12.1	58.9	83	38.492	210.8	250.0	265.40	1723.7	30.95	9.434	30.68
61.00	23698	0	11399	107	122.0	4.11	12.1	58.8	83	38.486	213.0	250.0	265.35	1723.7	30.95	9.434	30.68
62.00	23682	0	11521	76	122.8	4.36	12.1	58.7	84	38.496	215.5	250.0	265.42	1723.7	30.95	9.434	30.68
63.00	23774	0	11498	84	123.8	4.15	12.2	58.6	84	38.502	211.6	250.0	265.46	1723.7	30.95	9.434	30.68
64.00	23820	0	11544	53	124.4	4.07	12.2	58.6	84	38.494	199.2	250.0	265.41	1723.7	30.95	9.434	30.68
65.00	23858	0	11498	99	124.3	4.03	12.2	58.5	84	38.491	193.6	250.0	265.39	1723.7	30.95	9.434	30.68
66.00	23850	0	11383	69	124.4	4.14	12.2	58.5	84	38.484	191.3	250.0	265.34	1723.7	30.95	9.434	30.68
67.00	23911	0	11292	76	124.3	4.39	12.3	58.5	85	38.433	195.9	250.0	264.99	1723.7	30.95	9.434	30.68
68.00	23919	0	11460	61	124.0	4.29	12.3	58.5	85	38.456	193.6	250.0	265.14	1723.7	30.95	9.434	30.68
69.00	23667	0	11452	46	123.3	4.18	12.3	58.5	85	38.451	203.9	250.0	265.11	1723.7	30.95	9.434	30.68
70.00	23637	0	11414	122	122.1	4.15	12.3	58.6	85	38.471	205.2	250.0	265.25	1723.7	30.95	9.434	30.68
71.00	23560	0	11505	69	121.2	4.12	12.4	58.6	85	38.443	205.1	250.0	265.05	1723.7	30.95	9.434	30.68
72.00	23453	0	11536	69	120.0	4.20	12.4	58.6	85	38.425	204.1	250.0	264.93	1723.7	30.95	9.434	30.68
73.00	23453	0	11437	53	119.0	4.18	12.4	58.6	86	38.427	203.4	250.0	264.95	1723.7	30.95	9.434	30.68
74.00	23469	0	11391	38	117.2	4.17	12.4	58.6	86	38.439	202.6	250.0	265.03	1723.7	30.95	9.434	30.68
75.00	23408	0	11391	76	116.4	4.23	12.5	58.7	86	38.443	203.2	250.0	265.06	1723.7	30.95	9.434	30.68
76.00	23301	0	11483	76	116.0	4.25	12.5	58.7	86	38.447	203.4	250.0	265.08	1723.7	30.95	9.434	30.68
77.00	23286	0	11483	61	115.7	3.97	12.5	58.7	86	38.449	197.8	250.0	265.10	1723.7	30.95	9.434	30.68
78.00	23339	0	11513	46	115.4	4.10	12.5	58.7	86	38.447	194.8	250.0	265.08	1723.7	30.95	9.434	30.68
79.00	23217	0	11452	61	115.5	4.07	12.5	58.7	86	38.443	203.1	250.0	265.05	1723.7	30.95	9.434	30.68
80.00	23255	0	11383	107	115.6	4.24	12.6	58.7	87	38.438	207.0	250.0	265.02	1723.7	30.95	9.434	30.68
81.00	23110	0	11383	69	116.0	4.23	12.6	58.8	87	38.424	205.4	250.0	264.92	1723.7	30.95	9.434	30.68
82.00	23362	0	11521	92	117.0	4.19	12.6	58.8	87	38.404	208.1	250.0	264.79	1723.7	30.95	9.434	30.68
83.00	23141	0	11376	53	118.0	4.57	12.6	58.8	87	38.403	213.0	250.0	264.78	1723.7	30.95	9.434	30.68
84.00	23095	0	11460	99	118.4	3.97	12.6	58.8	87	38.443	215.7	250.0	265.06	1723.7	30.95	9.434	30.68
85.00	22988	0	11361	76	118.8	4.19	12.6	58.9	87	38.440	207.1	250.0	265.04	1723.7	30.95	9.434	30.68
86.00	23232	0	11429	53	119.9	4.29	12.6	58.9	87	38.452	208.0	250.0	265.12	1723.7	30.95	9.434	30.68
87.00	23118	0	11399	61	121.1	4.24	12.7	58.9	87	38.435	205.9	250.0	265.00	1723.7	30.95	9.434	30.68
88.00	23141	0	11483	53	121.5	4.19	12.7	58.9	87	38.366	203.7	250.0	264.53	1723.7	30.95	9.434	30.68
89.00	23385	0	11391	92	122.1	4.23	12.7	58.9	87	38.352	196.4	250.0	264.43	1723.7	30.95	9.434	30.68
90.00	23385	0	11361	99	123.5	4.20	12.7	58.9	88	38.348	197.3	250.0	264.40	1723.7	30.95	9.434	30.68
91.00	23110	0	11498	84	124.4	4.17	12.7	59.0	88	38.362	195.6	250.0	264.50	1723.7	30.95	9.434	30.68
92.00	23072	0	11391	53	124.5	4.09	12.7	58.9	88	38.356	203.3	250.0	264.46	1723.7	30.95	9.434	30.68
93.00	23057	0	11277	76	124.7	4.16	12.7	59.0	88	38.348	205.1	250.0	264.40	1723.7	30.95	9.434	30.68
94.00	23118	0	11414	69	124.6	4.11	12.7	59.0	88	38.368	204.7	250.0	264.53	1723.7	30.95	9.434	30.68
95.00	22927	0	11399	61	124.5	4.13	12.7	59.0	88	38.391	200.5	250.0	264.70	1723.7	30.95	9.434	30.68
96.00	22897	0	11422	69	124.3	4.24	12.7	59.0	88	38.388	200.2	250.0	264.67	1723.7	30.95	9.434	30.68
97.00	23057	0	11490	69	123.6	4.11	12.8	59.0	88	38.388	196.5	250.0	264.68	1723.7	30.95	9.434	30.68
98.00	23171	0	11605	114	122.5	4.45	12.8	59.0	88	38.409	196.8	250.0	264.82	1723.7	30.95	9.434	30.68
99.00	23019	0	12268	130	121.4	4.57	12.8	59.0	88	38.411	206.5	250.0	264.83	1723.7	30.95	9.434	30.68
100.00	22988	0	12383	114	120.4	4.19	12.8	59.0	88	38.405	210.9	250.0	264.79	1723.7	30.95	9.434	30.68
101.00	23179	0	12314	107	119.3	4.13	12.8	58.9	88	38.398	213.5	250.0	264.74	1723.7	30.95	9.434	30.68
102.00	25651	0	12322	46	117.7	4.12	12.8	58.8	88	38.393	213.8	250.0	264.71	1723.7	30.95	9.434	30.68
103.00	57741	0	13466	61	116.6	4.16	12.8	58.6	88	38.369	216.3	250.0	264.54	1723.7	30.95	9.434	30.68
104.00	74725	0	29702	69	116.3	4.34	12.8	58.5	88	38.383	214.8	250.0	264.64	1723.7	30.95	9.434	30.68
105.00	74946	0	41093	69	116.1	4.24	12.9	58.4	89	38.379	216.6	250.0	264.62	1723.7	30.95	9.434	30.68
106.00	84490	0	36821	122	115.9	4.14	12.9	58.4	89	38.386	217.2	250.0	264.66	1723.7	30.95	9.434	30.68
107.00	120243	0	29069	84	115.8	4.16	12.9	58.3	89	38.397	205.4	250.0	264.74	1723.7	30.95	9.434	30.68
108.00	177519	0	23202	130	116.1	4.23	12.9	58.3	89	38.374	198.1	250.0	264.58	1723.7	30.95	9.434	30.68
109.00	224006	0	19631	38	116.9	4.17	13.0	58.2	89	38.351	195.2	250.0	264.42	1723.7	30.95	9.434	30.68
110.00	236496	0	17815	99	117.7	4.08	13.0	58.2	90	38.322	195.8	250.0	264.22	1723.7	30.95	9.434	30.68
111.00	227134	0	16999	99	118.5	4.28	13.0	58.2	90	38.513	206.6	250.0	265.54	1723.7	30.95	9.434	30.68
112.00	203764	0	16602	84	119.3	4.08	13.1	58.2	90	38.516	207.4	250.0	265.56	1723.7	30.95	9.434	30.68
113.00	170774	0	16327	53	120.1	4.18	13.1	58.2	90	38.674	192.0	250.0	266.65	1723.7	30.97	9.441	30.70
114.00	145711	0	16228	76	120.6	4.24	13.1	58.2	91	38.750	190.0	250.0	267.17	1723.7	31.00	9.449	30.73
115.00	130207	0	15732	61	120.7	4.15	13.2	58.2	91	38.872	195.0	250.0	268.01	1723.7	31.00	9.449	30.73
116.00	120525	0	15465	84	121.2	4.35	13.2	58.2	91	38.621	204.3	250.0	266.28	1723.7	31.00	9.449	30.73
117.00	113231	0	15427	61	122.1	4.25	13.2	58.2	91	38.795	206.7	250.0	267.48	1723.7	31.00	9.449	30.73
118.00	106265	0	15275	38	122.8	4.13	13.3	58.3	91	38.894	208.9	250.0	268.16	1723.7	31.02	9.453	30.75
119.00	99849	0	15313	38	123.5	4.24	13.3	58.3	92	38.810	210.4	250.0	267.59	1723.7	31.05	9.464	30.78
120.00	93745	0	15595	76	123.9	3.92	13.3	58.3	92	38.890	210.8	250.0	268.14	1723.7	31.05	9.464	30.78
121.00	87931	0	15877	53	124.0	4.35	13.3	58.4	92	38.871	211.8	250.0	268.00	1723.7	31.05	9.464	30.78
122.00	82255	0	16099	76	123.8	4.26	13.4	58.4	92	38.981	216.3	250.0	268.76	1723.7	31.05	9.464	30.78
123.00	79066	0	16449	122	123.5	4.01	13.4	58.4	92	39.095	211.8	250.0	269.55	1723.7	31.07	9.470	30.80
124.00	76441	0	16541	61	122.7	4.41	13.4	58.4	93	39.263	212.8	250.0	270.71	1723.7	31.10	9.479	30.83
125.00	72451	0	16449	69	121.7	4.10	13.4	58.6	93	38.908	216.3	250.0	268.26	1723.7	31.10	9.479	30.83
126.00	50439	0	16449	69	120.9	4.24	13.5	58.8	93	38.941	212.9	250.0	268.49	1723.7	31.10	9.479	30.83
127.00	36798	0	15687	69	118.2	4.15	13.5	59.0	93	39.147	210.9	250.0	269.91	1723.7	31.10	9.479	30.83
128.00	33609	0	15442	31	116.5	4.24	13.5	59.2	93	38.890	210.0	250.0	268.13	1723.7	31.10	9.479	30.83
