Time (sec)	Detector 1 (uV)	Detector 2 (uV)	Detector 3 (uV)	Detector 4 (uV)	Temperature (deg C)	EC (mS/m)	MIP Pressure (psi)	MIP Flow (mL/min)	MIP Pressure (kPa)	HPT Press. (psi)	HPT Flow (mL/min)	HPT Line Press. (psi)	HPT Press. (kPa)	HPT Line Press. (kPa)	Depth (ft)	Depth (m)	HPT Screen Depth (ft)
0.00	23682	0	18166	0	129.9	0.00	13.8	60.2	95	15.533	0.0	250.0	107.09	1723.7	0.00	0.000	-0.27
1.00	23850	0	18075	15	129.5	0.00	13.8	60.2	95	15.542	0.0	250.0	107.16	1723.7	0.00	0.000	-0.27
2.00	23850	0	18151	8	128.7	0.00	13.8	60.2	95	15.526	0.0	250.0	107.05	1723.7	0.00	0.000	-0.27
3.00	23865	0	18075	23	128.1	0.00	13.8	60.2	95	15.538	0.0	250.0	107.13	1723.7	0.00	0.000	-0.27
4.00	23721	0	18311	0	127.8	0.00	13.8	60.2	95	15.537	0.0	250.0	107.12	1723.7	0.00	0.000	-0.27
5.00	23751	0	18174	8	127.2	0.00	13.8	60.2	95	15.550	0.0	250.0	107.21	1723.7	0.00	0.000	-0.27
6.00	23698	0	18395	8	126.6	0.00	13.8	60.2	95	15.504	0.0	250.0	106.90	1723.7	0.00	0.000	-0.27
7.00	23797	0	18029	8	126.2	0.00	13.8	60.2	95	15.578	0.0	250.0	107.40	1723.7	0.00	0.000	-0.27
8.00	23751	0	18242	0	125.4	0.00	13.8	60.2	95	15.536	0.0	250.0	107.12	1723.7	0.00	0.000	-0.27
9.00	23545	0	18357	31	124.9	0.00	13.8	60.2	95	15.461	0.0	250.0	106.60	1723.7	0.00	0.000	-0.27
10.00	23484	0	18571	0	124.5	0.00	13.8	60.2	95	15.416	0.0	250.0	106.29	1723.7	0.00	0.000	-0.27
11.00	23759	0	18159	15	124.0	0.00	13.8	60.2	95	15.472	0.0	250.0	106.68	1723.7	0.00	0.000	-0.27
12.00	23309	0	18677	0	123.3	0.00	13.8	60.2	95	15.385	0.0	250.0	106.08	1723.7	0.00	0.000	-0.27
13.00	23797	0	17830	8	122.6	0.00	13.8	60.2	95	15.602	0.0	250.0	107.58	1723.7	0.00	0.000	-0.27
14.00	23713	0	18105	31	122.4	0.00	13.8	60.2	95	15.524	0.0	250.0	107.03	1723.7	0.00	0.000	-0.27
15.00	23408	0	18715	0	122.1	0.00	13.8	60.2	95	15.453	0.0	250.0	106.55	1723.7	0.00	0.000	-0.27
16.00	23560	0	18807	0	121.3	0.00	13.8	60.2	95	15.403	0.0	250.0	106.20	1723.7	0.00	0.000	-0.27
17.00	23675	0	18212	8	120.7	0.00	13.8	60.2	95	15.457	0.0	250.0	106.57	1723.7	0.00	0.000	-0.27
18.00	23850	0	17815	31	120.0	0.00	13.8	60.2	95	15.564	0.0	250.0	107.31	1723.7	0.00	0.000	-0.27
19.00	23766	0	17968	8	119.8	0.00	13.8	60.2	95	15.554	0.0	250.0	107.24	1723.7	0.00	0.000	-0.27
20.00	23606	0	18181	0	119.6	0.00	13.8	60.2	95	15.496	0.0	250.0	106.84	1723.7	0.00	0.000	-0.27
21.00	23682	0	17884	15	119.5	0.00	13.8	60.2	95	15.498	0.0	250.0	106.86	1723.7	0.00	0.000	-0.27
22.00	23446	0	18677	0	119.8	0.00	13.8	60.2	95	15.477	0.0	250.0	106.71	1723.7	0.00	0.000	-0.27
23.00	23675	0	18235	15	120.8	0.00	13.8	60.2	95	15.508	0.0	250.0	106.92	1723.7	0.00	0.000	-0.27
24.00	23690	0	18189	8	121.7	0.00	13.8	60.2	95	15.524	0.0	250.0	107.04	1723.7	0.00	0.000	-0.27
25.00	23705	0	18212	8	122.5	0.00	13.8	60.2	95	15.524	0.0	250.0	107.03	1723.7	0.00	0.000	-0.27
26.00	23659	0	18159	0	124.2	0.00	13.8	60.2	95	15.527	0.0	250.0	107.05	1723.7	0.00	0.000	-0.27
27.00	23591	0	18258	0	127.0	0.00	13.8	60.2	95	15.531	0.0	250.0	107.09	1723.7	0.00	0.000	-0.27
28.00	23537	0	18159	8	128.5	0.00	13.8	60.2	95	15.529	0.0	250.0	107.07	1723.7	0.00	0.000	-0.27
29.00	23690	0	18227	0	129.8	0.00	13.8	60.2	95	15.529	0.0	250.0	107.07	1723.7	0.00	0.000	-0.27
30.00	23606	0	18174	15	131.0	0.00	13.8	60.2	95	15.530	0.0	250.0	107.08	1723.7	0.00	0.000	-0.27
31.00	23583	0	18021	8	132.0	0.00	13.8	60.2	95	15.551	0.0	250.0	107.22	1723.7	0.00	0.000	-0.27
32.00	23629	0	18227	0	132.3	0.00	13.8	60.2	95	15.526	0.0	250.0	107.05	1723.7	0.00	0.000	-0.27
33.00	23675	0	18120	0	132.5	0.00	13.8	60.2	95	15.539	0.0	250.0	107.13	1723.7	0.00	0.000	-0.27
34.00	23598	0	18235	0	132.7	0.00	13.8	60.2	95	15.524	0.0	250.0	107.03	1723.7	0.00	0.000	-0.27
35.00	23492	0	18204	8	132.9	0.00	13.8	60.2	95	15.537	0.0	250.0	107.13	1723.7	0.00	0.000	-0.27
36.00	23614	0	18113	8	132.9	0.00	13.8	60.2	95	15.535	0.0	250.0	107.11	1723.7	0.00	0.000	-0.27
37.00	23553	0	18395	31	132.9	0.00	13.8	60.2	95	15.511	0.0	250.0	106.94	1723.7	0.00	0.000	-0.27
38.00	23415	0	18387	0	132.8	0.00	13.8	60.2	95	15.521	0.0	250.0	107.01	1723.7	0.00	0.000	-0.27
39.00	23431	0	18212	31	132.6	0.00	13.8	60.2	95	15.532	0.0	250.0	107.09	1723.7	0.00	0.000	-0.27
40.00	23576	0	18212	0	132.1	0.00	13.8	60.2	95	15.544	0.0	250.0	107.17	1723.7	0.00	0.000	-0.27
41.00	23446	0	18464	15	131.6	0.00	13.8	60.2	95	15.507	0.0	250.0	106.92	1723.7	0.00	0.000	-0.27
42.00	23583	0	18265	15	131.3	0.00	13.8	60.2	95	15.539	0.0	250.0	107.14	1723.7	0.00	0.000	-0.27
43.00	23568	0	18647	0	130.6	0.00	13.8	60.2	95	15.527	0.0	250.0	107.06	1723.7	0.00	0.000	-0.27
44.00	23545	0	18471	8	130.2	0.00	13.8	60.2	95	15.537	0.0	250.0	107.13	1723.7	0.00	0.000	-0.27
45.00	23629	0	18372	0	129.9	0.00	13.8	60.2	95	15.534	0.0	250.0	107.10	1723.7	0.00	0.000	-0.27
46.00	23476	0	18418	8	129.0	0.00	13.8	60.2	95	15.525	0.0	250.0	107.04	1723.7	0.00	0.000	-0.27
47.00	23675	0	18693	23	128.6	0.00	13.8	60.2	95	15.551	0.0	250.0	107.22	1723.7	0.00	0.000	-0.27
48.00	23644	0	18670	8	128.3	0.00	13.8	60.2	95	15.529	0.0	250.0	107.07	1723.7	0.00	0.000	-0.27
49.00	23576	0	18471	8	127.7	0.00	13.8	60.2	95	15.534	0.0	250.0	107.11	1723.7	0.00	0.000	-0.27
50.00	23522	0	18464	0	126.6	0.00	13.8	60.2	95	15.525	0.0	250.0	107.04	1723.7	0.00	0.000	-0.27
51.00	23499	0	18281	8	126.3	0.00	13.8	60.2	95	15.518	0.0	250.0	106.99	1723.7	0.00	0.000	-0.27
52.00	23545	0	18220	15	125.9	0.00	13.8	60.2	95	15.531	0.0	250.0	107.08	1723.7	0.00	0.000	-0.27
53.00	23560	0	18105	8	124.8	0.00	13.8	60.2	95	15.528	0.0	250.0	107.06	1723.7	0.00	0.000	-0.27
54.00	23438	0	18303	0	123.6	0.00	13.8	60.2	95	15.529	0.0	250.0	107.07	1723.7	0.00	0.000	-0.27
55.00	23469	0	18242	0	122.3	0.00	13.8	60.2	95	15.522	0.0	250.0	107.02	1723.7	0.00	0.000	-0.27
56.00	23400	0	18227	0	121.1	0.00	13.8	60.2	95	15.523	0.0	250.0	107.03	1723.7	0.00	0.000	-0.27
57.00	23522	0	18281	8	119.9	0.00	13.8	60.2	95	15.528	0.0	250.0	107.06	1723.7	0.00	0.000	-0.27
58.00	23385	0	18319	0	118.8	0.00	13.8	60.2	95	15.535	0.0	250.0	107.11	1723.7	0.00	0.000	-0.27
59.00	23461	0	18372	0	117.8	0.00	13.8	60.2	95	15.536	0.0	250.0	107.11	1723.7	0.00	0.000	-0.27
60.00	23431	0	18464	15	117.1	0.00	13.8	60.2	95	15.537	0.0	250.0	107.13	1723.7	0.00	0.000	-0.27
61.00	23385	0	18357	8	116.9	0.00	13.8	60.1	95	15.526	0.0	250.0	107.05	1723.7	0.00	0.000	-0.27
62.00	23347	0	18357	0	116.9	0.00	13.8	60.1	95	15.522	0.0	250.0	107.02	1723.7	0.00	0.000	-0.27
63.00	23377	0	18319	0	117.2	0.00	13.8	60.1	95	15.521	0.0	250.0	107.02	1723.7	0.00	0.000	-0.27
64.00	23461	0	18342	0	117.7	0.00	13.8	60.1	95	15.527	0.0	250.0	107.06	1723.7	0.00	0.000	-0.27
65.00	23316	0	18189	0	119.3	0.00	13.8	60.1	95	15.535	0.0	250.0	107.11	1723.7	0.00	0.000	-0.27
66.00	23392	0	18227	0	120.9	0.00	13.8	60.1	95	15.532	0.0	250.0	107.09	1723.7	0.00	0.000	-0.27
67.00	23385	0	18326	8	122.2	0.00	13.8	60.1	95	15.520	0.0	250.0	107.00	1723.7	0.00	0.000	-0.27
68.00	23423	0	18189	8	123.7	0.00	13.8	60.1	95	15.540	0.0	250.0	107.14	1723.7	0.00	0.000	-0.27
69.00	23377	0	18120	0	125.3	0.00	13.8	60.1	95	15.518	0.0	250.0	106.99	1723.7	0.00	0.000	-0.27
70.00	23400	0	18044	0	126.6	0.00	13.8	60.2	95	15.532	0.0	250.0	107.09	1723.7	0.00	0.000	-0.27
71.00	23354	0	18021	0	127.7	0.00	13.8	60.2	95	15.536	0.0	250.0	107.12	1723.7	0.00	0.000	-0.27
72.00	23385	0	18120	8	128.1	0.00	13.8	60.2	95	15.519	0.0	250.0	107.00	1723.7	0.00	0.000	-0.27
73.00	23286	0	18258	0	128.3	0.00	13.8	60.2	95	15.530	0.0	250.0	107.07	1723.7	0.00	0.000	-0.27
74.00	23392	0	18227	0	128.6	0.00	13.8	60.2	95	15.530	0.0	250.0	107.07	1723.7	0.00	0.000	-0.27
75.00	23301	0	18090	0	128.6	0.00	13.8	60.2	95	15.523	0.0	250.0	107.03	1723.7	0.00	0.000	-0.27
76.00	23324	0	18090	15	128.3	0.00	13.8	60.2	95	15.531	0.0	250.0	107.09	1723.7	0.00	0.000	-0.27
77.00	23278	0	18220	0	127.7	0.00	13.8	60.2	95	15.527	0.0	250.0	107.06	1723.7	0.00	0.000	-0.27
78.00	23186	0	18326	0	126.9	0.00	13.8	60.2	95	15.532	0.0	250.0	107.09	1723.7	0.00	0.000	-0.27
79.00	23247	0	18334	0	126.2	0.00	13.8	60.2	95	15.527	0.0	250.0	107.05	1723.7	0.00	0.000	-0.27
80.00	23133	0	18120	0	125.3	0.00	13.8	60.2	95	15.528	0.0	250.0	107.06	1723.7	0.00	0.000	-0.27
81.00	23225	0	17998	0	124.5	0.00	13.8	60.2	95	15.521	0.0	250.0	107.01	1723.7	0.00	0.000	-0.27
82.00	23148	0	18082	0	123.9	0.00	13.8	60.2	95	15.530	0.0	250.0	107.07	1723.7	0.00	0.000	-0.27
83.00	23186	0	18067	0	123.0	0.00	13.8	60.2	95	15.531	0.0	250.0	107.08	1723.7	0.00	0.000	-0.27
84.00	23331	0	18105	0	122.1	0.00	13.8	60.2	95	15.539	0.0	250.0	107.14	1723.7	0.00	0.000	-0.27
85.00	23186	0	18128	0	121.4	0.00	13.8	60.2	95	15.534	0.0	250.0	107.10	1723.7	0.00	0.000	-0.27
86.00	23141	0	18197	0	120.8	0.00	13.8	60.1	95	15.531	0.0	250.0	107.08	1723.7	0.00	0.000	-0.27
87.00	23171	0	18067	0	120.0	0.00	13.8	60.2	95	15.525	0.0	250.0	107.04	1723.7	0.00	0.000	-0.27
88.00	23263	0	18136	8	118.6	0.00	13.8	60.2	95	15.531	0.0	250.0	107.08	1723.7	0.00	0.000	-0.27
89.00	23202	0	18075	8	118.3	0.00	13.8	60.2	95	15.523	0.0	250.0	107.03	1723.7	0.00	0.000	-0.27
90.00	23324	0	18097	0	118.1	0.00	13.8	60.2	95	15.520	0.0	250.0	107.01	1723.7	0.00	0.000	-0.27
91.00	23400	0	18197	0	117.7	0.00	13.8	60.1	95	15.528	0.0	250.0	107.06	1723.7	0.00	0.000	-0.27
92.00	23301	0	18303	0	117.9	0.00	13.8	60.1	95	15.532	0.0	250.0	107.09	1723.7	0.00	0.000	-0.27
93.00	23270	0	18159	23	118.2	0.00	13.8	60.1	95	15.532	0.0	250.0	107.09	1723.7	0.00	0.000	-0.27
94.00	23202	0	18258	0	118.9	0.00	13.8	60.1	95	15.530	0.0	250.0	107.08	1723.7	0.00	0.000	-0.27
95.00	23179	0	18288	0	120.7	0.00	13.8	60.1	95	15.529	0.0	250.0	107.07	1723.7	0.00	0.000	-0.27
96.00	23240	0	18235	0	122.2	0.00	13.8	60.1	95	15.536	0.0	250.0	107.12	1723.7	0.00	0.000	-0.27
97.00	23209	0	18334	0	123.7	0.00	13.8	60.1	95	15.523	0.0	250.0	107.03	1723.7	0.00	0.000	-0.27
98.00	23232	0	18151	0	125.1	0.00	13.8	60.1	95	15.534	0.0	250.0	107.10	1723.7	0.00	0.000	-0.27
99.00	23125	0	18097	0	126.5	0.00	13.8	60.1	95	15.532	0.0	250.0	107.09	1723.7	0.00	0.000	-0.27
100.00	23171	0	18120	8	127.5	0.00	13.8	60.1	95	15.521	0.0	250.0	107.02	1723.7	0.00	0.000	-0.27
101.00	23247	0	18052	0	128.3	0.00	13.8	60.1	95	15.529	0.0	250.0	107.07	1723.7	0.00	0.000	-0.27
102.00	23110	0	18105	0	128.7	0.00	13.8	60.1	95	15.532	0.0	250.0	107.09	1723.7	0.00	0.000	-0.27
103.00	23286	0	18090	0	128.6	0.00	13.8	60.1	95	15.520	0.0	250.0	107.01	1723.7	0.00	0.000	-0.27
104.00	23873	0	18128	0	128.5	0.00	13.8	60.1	95	15.530	0.0	250.0	107.07	1723.7	0.00	0.000	-0.27
105.00	23980	0	18235	23	128.1	0.00	13.8	60.1	95	15.529	0.0	250.0	107.07	1723.7	0.00	0.000	-0.27
106.00	24094	0	18151	0	127.5	0.00	13.8	60.1	95	15.533	0.0	250.0	107.10	1723.7	0.00	0.000	-0.27
107.00	24049	0	18136	23	126.9	0.00	13.8	60.1	95	15.529	0.0	250.0	107.07	1723.7	0.00	0.000	-0.27
108.00	23995	0	18113	0	126.7	0.00	13.8	60.1	95	15.529	0.0	250.0	107.07	1723.7	0.00	0.000	-0.27
109.00	23881	0	18052	0	125.8	0.00	13.8	60.1	95	15.532	0.0	250.0	107.09	1723.7	0.00	0.000	-0.27
110.00	24049	0	18128	0	124.7	0.00	13.8	60.1	95	15.524	0.0	250.0	107.03	1723.7	0.00	0.000	-0.27
111.00	23949	0	18197	8	124.5	0.00	13.8	60.1	95	15.532	0.0	250.0	107.09	1723.7	0.00	0.000	-0.27
112.00	23865	0	18204	0	124.1	0.00	13.8	60.1	95	15.522	0.0	250.0	107.02	1723.7	0.00	0.000	-0.27
113.00	23942	0	18212	0	123.3	0.00	13.8	60.1	95	15.520	0.0	250.0	107.00	1723.7	0.00	0.000	-0.27
114.00	23972	0	18204	0	122.6	0.00	13.8	60.1	95	15.531	0.0	250.0	107.08	1723.7	0.00	0.000	-0.27
115.00	23965	0	18326	8	122.4	0.00	13.8	60.1	95	15.529	0.0	250.0	107.07	1723.7	0.00	0.000	-0.27
116.00	24010	0	18380	0	122.1	0.00	13.8	60.1	95	15.517	0.0	250.0	106.99	1723.7	0.00	0.000	-0.27
117.00	24041	0	18479	0	121.5	0.00	13.8	60.1	95	15.531	0.0	250.0	107.08	1723.7	0.00	0.000	-0.27
118.00	24087	0	18525	8	121.3	0.00	13.8	60.1	95	15.533	0.0	250.0	107.10	1723.7	0.00	0.000	-0.27
119.00	23980	0	18540	0	120.8	0.00	13.8	60.1	95	15.532	0.0	250.0	107.09	1723.7	0.00	0.000	-0.27
120.00	24201	0	18571	0	120.0	0.00	13.8	60.1	95	15.536	0.0	250.0	107.12	1723.7	0.00	0.000	-0.27
121.00	24186	0	18708	0	119.4	0.00	13.8	60.1	95	15.534	0.0	250.0	107.10	1723.7	0.00	0.000	-0.27
122.00	24201	0	18761	8	119.2	0.00	13.8	60.1	95	15.526	0.0	250.0	107.05	1723.7	0.00	0.000	-0.27
123.00	24285	0	18899	8	119.2	0.00	13.8	60.1	95	15.530	0.0	250.0	107.07	1723.7	0.00	0.000	-0.27
124.00	24369	0	18822	0	119.2	0.00	13.8	60.1	95	15.534	0.0	250.0	107.10	1723.7	0.00	0.000	-0.27
125.00	24285	0	18853	8	119.4	0.00	13.8	60.1	95	15.531	0.0	250.0	107.08	1723.7	0.00	0.000	-0.27
126.00	24255	0	18868	8	120.3	0.00	13.8	60.1	95	15.534	0.0	250.0	107.10	1723.7	0.00	0.000	-0.27
127.00	24216	0	19005	15	122.0	0.00	13.8	60.1	95	15.526	0.0	250.0	107.05	1723.7	0.00	0.000	-0.27
128.00	24323	0	19028	15	123.4	0.00	13.8	60.1	95	15.527	0.0	250.0	107.06	1723.7	0.00	0.000	-0.27
129.00	24506	0	19173	8	125.1	0.00	13.8	60.2	95	15.525	0.0	250.0	107.04	1723.7	0.00	0.000	-0.27
130.00	24506	0	19234	8	127.2	0.00	13.8	60.1	95	15.532	0.0	250.0	107.09	1723.7	0.00	0.000	-0.27
131.00	24613	0	19288	0	128.5	0.00	13.8	60.1	95	15.521	0.0	250.0	107.02	1723.7	0.00	0.000	-0.27
132.00	24583	0	19288	0	129.8	0.00	13.8	60.1	95	15.527	0.0	250.0	107.06	1723.7	0.00	0.000	-0.27
133.00	24468	0	19242	0	131.0	0.00	13.8	60.1	95	15.528	0.0	250.0	107.06	1723.7	0.00	0.000	-0.27
134.00	24522	0	19417	8	131.7	0.00	13.8	60.1	95	15.530	0.0	250.0	107.07	1723.7	0.00	0.000	-0.27
135.00	24720	0	19440	0	132.4	0.00	13.8	60.1	95	15.528	0.0	250.0	107.06	1723.7	0.00	0.000	-0.27
136.00	24705	0	19448	15	132.8	0.00	13.8	60.1	95	15.528	0.0	250.0	107.06	1723.7	0.00	0.000	-0.27
137.00	24743	0	19433	8	132.8	0.00	13.7	60.1	95	15.522	0.0	250.0	107.02	1723.7	0.00	0.000	-0.27
138.00	24773	0	19616	0	133.0	0.00	13.7	60.1	95	15.529	0.0	250.0	107.07	1723.7	0.00	0.000	-0.27
139.00	24758	0	19646	8	132.9	0.00	13.7	60.1	95	15.527	0.0	250.0	107.06	1723.7	0.00	0.000	-0.27
140.00	24812	0	19784	0	132.8	0.00	13.7	60.1	95	15.524	0.0	250.0	107.04	1723.7	0.00	0.000	-0.27
141.00	24865	0	19852	0	132.7	0.00	13.7	60.1	95	15.533	0.0	250.0	107.10	1723.7	0.00	0.000	-0.27
142.00	24934	0	19837	0	132.4	0.00	13.7	60.1	95	15.532	0.0	250.0	107.09	1723.7	0.00	0.000	-0.27
143.00	24949	0	19860	0	131.9	0.00	13.7	60.1	95	15.530	0.0	250.0	107.08	1723.7	0.00	0.000	-0.27
144.00	24987	0	19822	0	131.6	0.00	13.7	60.1	95	15.532	0.0	250.0	107.09	1723.7	0.00	0.000	-0.27
145.00	24941	0	19761	0	131.4	0.00	13.7	60.1	95	15.532	0.0	250.0	107.09	1723.7	0.00	0.000	-0.27
146.00	25033	0	19692	0	130.5	0.00	13.7	60.1	95	15.525	0.0	250.0	107.04	1723.7	0.00	0.000	-0.27
147.00	24865	0	19738	0	129.9	0.00	13.7	60.1	95	15.530	0.0	250.0	107.07	1723.7	0.00	0.000	-0.27
148.00	24949	0	19791	8	129.6	0.00	13.7	60.1	95	15.531	0.0	250.0	107.08	1723.7	0.00	0.000	-0.27
149.00	24972	0	19646	8	129.2	0.00	13.7	60.1	95	15.525	0.0	250.0	107.04	1723.7	0.00	0.000	-0.27
150.00	24979	0	19662	0	128.6	0.00	13.7	60.1	95	15.535	0.0	250.0	107.11	1723.7	0.00	0.000	-0.27
151.00	25101	0	19822	8	127.8	0.00	13.7	60.1	95	15.532	0.0	250.0	107.09	1723.7	0.00	0.000	-0.27
152.00	25109	0	20013	0	127.6	0.00	13.7	60.1	95	15.527	0.0	250.0	107.06	1723.7	0.00	0.000	-0.27
153.00	25155	0	20028	0	127.1	0.00	13.7	60.1	95	15.535	0.0	250.0	107.11	1723.7	0.00	0.000	-0.27
154.00	25246	0	20058	0	126.2	0.00	13.7	60.1	95	15.533	0.0	250.0	107.10	1723.7	0.00	0.000	-0.27
155.00	25201	0	20089	0	125.7	0.00	13.7	60.1	95	15.530	0.0	250.0	107.07	1723.7	0.00	0.000	-0.27
156.00	25300	0	20157	15	125.4	0.00	13.7	60.1	95	15.535	0.0	250.0	107.11	1723.7	0.00	0.000	-0.27
157.00	25346	0	20234	0	124.7	0.00	13.7	60.1	95	15.530	0.0	250.0	107.07	1723.7	0.00	0.000	-0.27
158.00	25445	0	20112	8	123.9	0.00	13.7	60.1	95	15.527	0.0	250.0	107.06	1723.7	0.00	0.000	-0.27
159.00	25407	0	20096	8	123.7	0.00	13.7	60.1	95	15.529	0.0	250.0	107.07	1723.7	0.00	0.000	-0.27
160.00	25529	0	20066	0	123.4	0.00	13.7	60.1	95	15.535	0.0	250.0	107.11	1723.7	0.00	0.000	-0.27
161.00	25651	0	20363	0	122.7	0.00	13.7	60.1	95	15.536	0.0	250.0	107.12	1723.7	0.00	0.000	-0.27
162.00	26666	0	20882	0	122.1	0.00	13.7	60.1	95	15.529	0.0	250.0	107.07	1723.7	0.00	0.000	-0.27
163.00	28169	0	22340	0	121.7	0.00	13.7	60.1	95	15.533	0.0	250.0	107.10	1723.7	0.00	0.000	-0.27
164.00	29389	0	24476	0	121.2	0.00	13.7	60.0	95	15.530	0.0	250.0	107.07	1723.7	0.00	0.000	-0.27
165.00	30091	0	26025	0	120.9	0.00	13.7	60.0	95	15.534	0.0	250.0	107.10	1723.7	0.00	0.000	-0.27
166.00	29916	0	26559	8	120.5	0.00	13.7	60.1	95	15.535	0.0	250.0	107.11	1723.7	0.00	0.000	-0.27
167.00	29786	0	26498	8	119.8	0.00	13.7	60.0	95	15.530	0.0	250.0	107.07	1723.7	0.00	0.000	-0.27
168.00	29336	0	26109	0	119.6	0.00	13.7	60.1	95	15.529	0.0	250.0	107.07	1723.7	0.00	0.000	-0.27
169.00	29046	0	25704	0	119.6	0.00	13.7	60.0	95	15.526	0.0	250.0	107.05	1723.7	0.00	0.000	-0.27
170.00	28703	0	25224	8	119.8	0.00	13.7	60.0	95	15.528	0.0	250.0	107.06	1723.7	0.00	0.000	-0.27
171.00	28123	0	24606	0	120.9	0.00	13.7	60.0	95	15.534	0.0	250.0	107.10	1723.7	0.00	0.000	-0.27
172.00	27841	0	24186	0	122.5	0.00	13.7	60.0	95	15.527	0.0	250.0	107.05	1723.7	0.00	0.000	-0.27
173.00	27474	0	23606	0	123.9	0.00	13.7	60.0	95	15.525	0.0	250.0	107.04	1723.7	0.00	0.000	-0.27
174.00	27161	0	23232	8	125.6	0.00	13.7	60.0	95	15.526	0.0	250.0	107.05	1723.7	0.00	0.000	-0.27
175.00	26887	0	22874	0	127.0	0.00	13.7	60.0	95	15.524	0.0	250.0	107.04	1723.7	0.00	0.000	-0.27
176.00	26673	0	22454	0	128.5	0.00	13.7	60.0	95	15.524	0.0	250.0	107.03	1723.7	0.00	0.000	-0.27
177.00	26337	0	22088	0	129.2	0.00	13.7	60.0	95	15.528	0.0	250.0	107.06	1723.7	0.00	0.000	-0.27
178.00	26109	0	21798	0	129.9	0.00	13.7	60.0	95	15.530	0.0	250.0	107.08	1723.7	0.00	0.000	-0.27
179.00	25872	0	21523	0	131.2	0.00	13.7	60.0	95	15.526	0.0	250.0	107.05	1723.7	0.00	0.000	-0.27
180.00	25590	0	21249	0	131.5	0.00	13.7	60.0	95	15.530	0.0	250.0	107.07	1723.7	0.00	0.000	-0.27
181.00	24995	0	20981	0	131.7	0.00	13.7	60.0	95	15.526	0.0	250.0	107.05	1723.7	0.00	0.000	-0.27
182.00	24644	0	20814	8	132.3	0.00	13.7	60.0	95	15.530	0.0	250.0	107.07	1723.7	0.00	0.000	-0.27
183.00	24522	0	20676	0	132.2	0.00	13.7	60.0	95	15.530	0.0	250.0	107.07	1723.7	0.00	0.000	-0.27
184.00	24361	0	20508	0	132.1	0.00	13.7	60.0	95	15.526	0.0	250.0	107.05	1723.7	0.00	0.000	-0.27
185.00	24300	0	20280	0	132.0	0.00	13.7	60.0	95	15.525	0.0	250.0	107.04	1723.7	0.00	0.000	-0.27
186.00	24094	0	20089	0	132.0	0.00	13.7	60.0	95	15.531	0.0	250.0	107.08	1723.7	0.00	0.000	-0.27
187.00	24010	0	19936	23	131.6	0.00	13.7	60.0	95	15.533	0.0	250.0	107.10	1723.7	0.00	0.000	-0.27
188.00	23949	0	19829	0	130.9	0.00	13.7	60.0	95	15.527	0.0	250.0	107.06	1723.7	0.00	0.000	-0.27
189.00	23888	0	19700	8	130.2	0.00	13.7	60.0	95	15.526	0.0	250.0	107.05	1723.7	0.00	0.000	-0.27
190.00	23904	0	19715	0	130.0	0.00	13.7	60.0	95	15.531	0.0	250.0	107.08	1723.7	0.00	0.000	-0.27
191.00	23858	0	19768	0	129.5	0.00	13.7	60.0	95	15.525	0.0	250.0	107.04	1723.7	0.00	0.000	-0.27
192.00	23896	0	19677	0	128.8	0.00	13.7	60.0	95	15.531	0.0	250.0	107.08	1723.7	0.00	0.000	-0.27
193.00	23728	0	19532	8	128.5	0.00	13.7	60.0	95	15.534	0.0	250.0	107.10	1723.7	0.00	0.000	-0.27
194.00	23843	0	19570	31	128.1	0.00	13.7	60.0	95	15.525	0.0	250.0	107.04	1723.7	0.00	0.000	-0.27
195.00	23827	0	19318	0	127.5	0.00	13.7	60.0	95	15.534	0.0	250.0	107.10	1723.7	0.00	0.000	-0.27
196.00	23606	0	19326	8	127.2	0.00	13.7	60.0	95	15.530	0.0	250.0	107.07	1723.7	0.00	0.000	-0.27
197.00	23560	0	19257	8	126.5	0.00	13.7	60.0	95	15.525	0.0	250.0	107.04	1723.7	0.00	0.000	-0.27
198.00	23438	0	19143	0	125.7	0.00	13.7	60.0	95	15.535	0.0	250.0	107.11	1723.7	0.00	0.000	-0.27
199.00	23438	0	19005	23	125.2	0.00	13.7	60.0	95	15.524	0.0	250.0	107.04	1723.7	0.00	0.000	-0.27
200.00	23293	0	18937	0	124.4	0.00	13.7	60.0	95	15.528	0.0	250.0	107.06	1723.7	0.00	0.000	-0.27
201.00	23453	0	18845	23	124.2	0.00	13.7	60.0	95	15.536	0.0	250.0	107.12	1723.7	0.00	0.000	-0.27
202.00	23324	0	18769	0	123.9	0.00	13.7	60.0	95	15.530	0.0	250.0	107.07	1723.7	0.00	0.000	-0.27
203.00	23270	0	18685	0	123.1	0.00	13.7	60.0	95	15.525	0.0	250.0	107.04	1723.7	0.00	0.000	-0.27
204.00	23301	0	18654	15	122.8	0.00	13.7	60.0	95	15.537	0.0	250.0	107.12	1723.7	0.00	0.000	-0.27
205.00	23103	0	18624	23	122.4	0.00	13.7	60.0	95	15.527	0.0	250.0	107.05	1723.7	0.00	0.000	-0.27
206.00	23118	0	18555	0	121.7	0.00	13.7	60.0	95	15.530	0.0	250.0	107.08	1723.7	0.00	0.000	-0.27
207.00	23095	0	18586	0	121.4	0.00	13.7	60.0	95	15.531	0.0	250.0	107.08	1723.7	0.00	0.000	-0.27
208.00	22973	0	18418	0	120.9	0.00	13.7	60.0	95	15.528	0.0	250.0	107.06	1723.7	0.00	0.000	-0.27
209.00	22919	0	18395	0	120.4	0.00	13.7	60.0	95	15.529	0.0	250.0	107.07	1723.7	0.00	0.000	-0.27
210.00	23118	0	18372	15	120.1	0.00	13.7	60.0	95	15.527	0.0	250.0	107.05	1723.7	0.00	0.000	-0.27
211.00	22996	0	18326	0	119.7	0.00	13.7	60.0	95	15.530	0.0	250.0	107.07	1723.7	0.00	0.000	-0.27
212.00	23019	0	18342	15	119.3	0.00	13.7	60.0	95	15.526	0.0	250.0	107.05	1723.7	0.00	0.000	-0.27
213.00	22866	0	18288	0	119.3	0.00	13.7	60.0	95	15.531	0.0	250.0	107.09	1723.7	0.00	0.000	-0.27
214.00	22897	0	18220	0	119.6	0.00	13.7	60.0	95	15.514	0.0	250.0	106.96	1723.7	0.00	0.000	-0.27
215.00	22851	0	18235	38	120.8	0.00	13.7	60.0	95	15.523	0.0	250.0	107.03	1723.7	0.00	0.000	-0.27
216.00	22782	0	18105	8	122.5	0.00	13.7	60.0	95	15.528	0.0	250.0	107.06	1723.7	0.00	0.000	-0.27
217.00	22965	0	18105	0	124.0	0.00	13.7	60.0	95	15.527	0.0	250.0	107.06	1723.7	0.00	0.000	-0.27
218.00	22851	0	18120	8	125.6	0.00	13.7	60.0	95	15.524	0.0	250.0	107.03	1723.7	0.00	0.000	-0.27
219.00	22904	0	18036	0	127.4	0.00	13.7	60.0	95	15.529	0.0	250.0	107.07	1723.7	0.00	0.000	-0.27
220.00	22813	0	18143	8	128.6	0.00	13.7	60.0	95	15.527	0.0	250.0	107.06	1723.7	0.00	0.000	-0.27
221.00	22675	0	18059	8	129.3	0.00	13.7	60.0	95	15.525	0.0	250.0	107.04	1723.7	0.00	0.000	-0.27
222.00	22744	0	18021	0	130.6	0.00	13.7	60.0	95	15.531	0.0	250.0	107.09	1723.7	0.00	0.000	-0.27
223.00	22683	0	17991	8	132.0	0.00	13.7	60.0	95	15.525	0.0	250.0	107.04	1723.7	0.00	0.000	-0.27
224.00	22629	0	17998	8	132.3	0.00	13.7	60.0	95	15.525	0.0	250.0	107.04	1723.7	0.00	0.000	-0.27
225.00	22660	0	17953	0	132.5	0.00	13.7	60.0	95	15.531	0.0	250.0	107.08	1723.7	0.00	0.000	-0.27
226.00	22683	0	17914	8	132.7	0.00	13.7	60.0	95	15.527	0.0	250.0	107.06	1723.7	0.00	0.000	-0.27
227.00	22546	0	17891	31	132.9	0.00	13.7	60.0	95	15.526	0.0	250.0	107.05	1723.7	0.00	0.000	-0.27
228.00	22752	0	17922	0	132.9	0.00	13.7	60.0	95	15.531	0.0	250.0	107.08	1723.7	0.00	0.000	-0.27
229.00	22874	0	17945	0	132.8	0.00	13.7	60.0	95	15.524	0.0	250.0	107.04	1723.7	0.00	0.000	-0.27
230.00	22660	0	17899	31	132.7	0.00	13.7	60.0	95	15.525	0.0	250.0	107.04	1723.7	0.00	0.000	-0.27
231.00	22950	0	17991	8	132.2	0.00	13.7	60.0	95	15.531	0.0	250.0	107.08	1723.7	0.00	0.000	-0.27
232.00	22927	0	17968	0	131.9	0.00	13.7	60.0	95	15.526	0.0	250.0	107.05	1723.7	0.00	0.000	-0.27
233.00	23133	0	18021	0	131.6	0.00	13.7	60.0	95	15.527	0.0	250.0	107.06	1723.7	0.00	0.000	-0.27
234.00	23156	0	17953	31	131.0	0.00	13.7	60.0	95	15.524	0.0	250.0	107.04	1723.7	0.00	0.000	-0.27
235.00	23225	0	17968	15	130.5	0.00	13.7	60.0	95	15.528	0.0	250.0	107.06	1723.7	0.00	0.000	-0.27
236.00	23263	0	18151	0	130.2	0.00	13.7	60.0	95	15.528	0.0	250.0	107.06	1723.7	0.00	0.000	-0.27
237.00	23377	0	17960	0	129.4	0.00	13.7	60.0	95	15.529	0.0	250.0	107.07	1723.7	0.00	0.000	-0.27
238.00	23759	0	17876	8	128.7	0.00	13.7	60.0	95	15.524	0.0	250.0	107.03	1723.7	0.00	0.000	-0.27
239.00	30702	0	17930	31	128.4	0.00	13.7	60.0	95	15.529	0.0	250.0	107.07	1723.7	0.00	0.000	-0.27
240.00	37278	0	18227	0	128.1	0.00	13.7	60.0	95	15.529	0.0	250.0	107.07	1723.7	0.00	0.000	-0.27
241.00	40338	0	18380	0	127.4	0.00	13.7	60.0	95	15.529	0.0	250.0	107.07	1723.7	0.00	0.000	-0.27
242.00	45053	0	18593	0	126.5	0.00	13.7	60.0	95	15.525	0.0	250.0	107.04	1723.7	0.00	0.000	-0.27
243.00	48723	0	18586	0	126.2	0.00	13.7	60.0	95	15.530	0.0	250.0	107.07	1723.7	0.00	0.000	-0.27
244.00	50134	0	18723	0	125.9	0.00	13.7	60.0	95	15.527	0.0	250.0	107.05	1723.7	0.00	0.000	-0.27
245.00	39346	0	18715	0	125.1	0.00	13.7	60.0	95	15.528	0.0	250.0	107.06	1723.7	0.00	0.000	-0.27
246.00	30633	0	18403	8	124.5	0.00	13.7	60.0	95	15.536	0.0	250.0	107.11	1723.7	0.00	0.000	-0.27
247.00	27139	0	18464	0	124.0	0.00	13.7	60.0	95	15.528	0.0	250.0	107.06	1723.7	0.00	0.000	-0.27
248.00	25513	0	18029	8	123.4	0.00	13.7	60.0	95	15.530	0.0	250.0	107.07	1723.7	0.00	0.000	-0.27
249.00	24712	0	18159	0	123.3	0.00	13.7	60.0	95	15.529	0.0	250.0	107.07	1723.7	0.00	0.000	-0.27
250.00	24300	0	17975	0	122.8	0.00	13.7	60.0	95	15.524	0.0	250.0	107.03	1723.7	0.00	0.000	-0.27
251.00	23896	0	17937	0	122.1	0.00	13.7	60.0	95	15.525	0.0	250.0	107.04	1723.7	0.00	0.000	-0.27
252.00	23835	0	17937	8	121.9	0.00	13.7	60.0	95	15.537	0.0	250.0	107.13	1723.7	0.00	0.000	-0.27
253.00	23583	0	17968	0	121.4	0.00	13.7	60.0	95	15.531	0.0	250.0	107.08	1723.7	0.00	0.000	-0.27
254.00	22584	0	17853	0	121.0	0.00	13.7	60.0	95	15.555	0.0	250.0	107.25	1723.7	0.00	0.000	-0.27
