Time (sec)	Detector 1 (uV)	Detector 2 (uV)	Detector 3 (uV)	Detector 4 (uV)	Temperature (deg C)	EC (mS/m)	MIP Pressure (psi)	MIP Flow (mL/min)	MIP Pressure (kPa)	HPT Press. (psi)	HPT Flow (mL/min)	HPT Line Press. (psi)	HPT Press. (kPa)	HPT Line Press. (kPa)	Depth (ft)	Depth (m)	HPT Screen Depth (ft)
0.00	22805	0	17731	53	122.4	0.00	22.1	58.3	153	108.756	0.0	250.0	749.85	1723.7	0.00	0.000	-0.27
1.00	22729	0	17670	23	122.2	0.00	22.1	58.3	153	108.758	0.0	250.0	749.86	1723.7	0.00	0.000	-0.27
2.00	22835	0	17693	46	121.8	0.00	22.1	58.3	153	108.761	0.0	250.0	749.88	1723.7	0.00	0.000	-0.27
3.00	22835	0	17762	31	121.0	0.00	22.1	58.3	153	108.204	0.0	250.0	746.04	1723.7	0.00	0.000	-0.27
4.00	22774	0	17731	0	120.3	0.00	22.1	58.3	153	107.594	0.0	250.0	741.83	1723.7	0.00	0.000	-0.27
5.00	22683	0	17708	31	120.0	0.00	22.1	58.3	153	107.586	0.0	250.0	741.78	1723.7	0.00	0.000	-0.27
6.00	22774	0	17678	46	119.8	0.00	22.1	58.3	153	107.565	0.0	250.0	741.63	1723.7	0.00	0.000	-0.27
7.00	22561	0	17701	8	119.6	0.00	22.1	58.3	153	107.571	0.0	250.0	741.68	1723.7	0.00	0.000	-0.27
8.00	22622	0	17685	23	119.3	0.00	22.2	58.3	153	107.574	0.0	250.0	741.69	1723.7	0.00	0.000	-0.27
9.00	22713	0	17716	38	119.7	0.00	22.1	58.3	153	107.571	0.0	250.0	741.67	1723.7	0.00	0.000	-0.27
10.00	22660	0	17815	8	120.4	0.00	22.2	58.3	153	107.577	0.0	250.0	741.72	1723.7	0.00	0.000	-0.27
11.00	22568	0	17808	15	121.3	0.00	22.2	58.2	153	108.292	0.0	250.0	746.65	1723.7	0.00	0.000	-0.27
12.00	22660	0	17754	38	122.6	0.00	22.2	58.3	153	108.754	0.0	250.0	749.83	1723.7	0.00	0.000	-0.27
13.00	22652	0	17647	8	123.8	0.00	22.2	58.3	153	108.753	0.0	250.0	749.83	1723.7	0.00	0.000	-0.27
14.00	22645	0	17762	23	125.3	0.00	22.2	58.3	153	108.764	0.0	250.0	749.90	1723.7	0.00	0.000	-0.27
15.00	22645	0	17747	8	126.9	0.00	22.2	58.3	153	108.748	0.0	250.0	749.79	1723.7	0.00	0.000	-0.27
16.00	22530	0	17792	23	128.2	0.00	22.2	58.3	153	108.744	0.0	250.0	749.76	1723.7	0.00	0.000	-0.27
17.00	22538	0	17907	31	129.3	0.00	22.2	58.3	153	108.748	0.0	250.0	749.79	1723.7	0.00	0.000	-0.27
18.00	22462	0	17800	15	130.3	0.00	22.2	58.3	153	108.731	0.0	250.0	749.67	1723.7	0.00	0.000	-0.27
19.00	22485	0	17731	38	130.6	0.00	22.2	58.3	153	108.732	0.0	250.0	749.68	1723.7	0.00	0.000	-0.27
20.00	22492	0	17815	31	130.9	0.00	22.2	58.3	153	108.735	0.0	250.0	749.70	1723.7	0.00	0.000	-0.27
21.00	22576	0	17762	23	131.6	0.00	22.2	58.3	153	108.715	0.0	250.0	749.56	1723.7	0.00	0.000	-0.27
22.00	22500	0	17838	15	131.5	0.00	22.2	58.2	153	108.726	0.0	250.0	749.64	1723.7	0.00	0.000	-0.27
23.00	22485	0	17815	15	131.7	0.00	22.2	58.2	153	108.728	0.0	250.0	749.65	1723.7	0.00	0.000	-0.27
24.00	22477	0	17716	23	131.8	0.00	22.2	58.3	153	108.720	0.0	250.0	749.60	1723.7	0.00	0.000	-0.27
25.00	22431	0	17846	15	131.8	0.00	22.2	58.2	153	108.725	0.0	250.0	749.63	1723.7	0.00	0.000	-0.27
26.00	22477	0	17846	38	131.7	0.00	22.2	58.3	153	108.726	0.0	250.0	749.64	1723.7	0.00	0.000	-0.27
27.00	22492	0	17830	38	131.5	0.00	22.2	58.3	153	108.733	0.0	250.0	749.69	1723.7	0.00	0.000	-0.27
28.00	22370	0	17823	8	131.1	0.00	22.2	58.2	153	108.733	0.0	250.0	749.69	1723.7	0.00	0.000	-0.27
29.00	22256	0	17777	0	130.9	0.00	22.2	58.2	153	108.745	0.0	250.0	749.77	1723.7	0.00	0.000	-0.27
30.00	22423	0	17792	8	130.8	0.00	22.2	58.3	153	108.734	0.0	250.0	749.70	1723.7	0.00	0.000	-0.27
31.00	22256	0	17838	0	130.3	0.00	22.2	58.3	153	108.732	0.0	250.0	749.68	1723.7	0.00	0.000	-0.27
32.00	22340	0	17731	0	129.4	0.00	22.2	58.3	153	108.751	0.0	250.0	749.81	1723.7	0.00	0.000	-0.27
33.00	22233	0	17808	31	129.3	0.00	22.2	58.3	153	108.734	0.0	250.0	749.70	1723.7	0.00	0.000	-0.27
34.00	22256	0	17914	15	128.8	0.00	22.2	58.3	153	108.745	0.0	250.0	749.77	1723.7	0.00	0.000	-0.27
35.00	22324	0	17777	15	128.3	0.00	22.2	58.3	153	108.750	0.0	250.0	749.81	1723.7	0.00	0.000	-0.27
36.00	22195	0	17869	31	128.0	0.00	22.2	58.3	153	108.739	0.0	250.0	749.73	1723.7	0.00	0.000	-0.27
37.00	22301	0	17884	46	127.6	0.00	22.2	58.3	153	108.748	0.0	250.0	749.79	1723.7	0.00	0.000	-0.27
38.00	22462	0	17853	31	126.8	0.00	22.2	58.2	153	108.748	0.0	250.0	749.79	1723.7	0.00	0.000	-0.27
39.00	22332	0	17823	0	126.4	0.00	22.2	58.2	153	108.746	0.0	250.0	749.78	1723.7	0.00	0.000	-0.27
40.00	22263	0	17823	23	125.8	0.00	22.2	58.3	153	108.747	0.0	250.0	749.78	1723.7	0.00	0.000	-0.27
41.00	22469	0	17769	15	125.2	0.00	22.2	58.3	153	108.749	0.0	250.0	749.80	1723.7	0.00	0.000	-0.27
42.00	22439	0	17838	8	125.0	0.00	22.2	58.3	153	108.751	0.0	250.0	749.81	1723.7	0.00	0.000	-0.27
43.00	22393	0	17830	15	124.3	0.00	22.2	58.3	153	108.751	0.0	250.0	749.81	1723.7	0.00	0.000	-0.27
44.00	22355	0	17800	23	123.8	0.00	22.2	58.2	153	108.758	0.0	250.0	749.86	1723.7	0.00	0.000	-0.27
45.00	22332	0	17754	8	123.5	0.00	22.2	58.3	153	108.750	0.0	250.0	749.81	1723.7	0.00	0.000	-0.27
46.00	22233	0	17899	15	123.0	0.00	22.2	58.3	153	108.754	0.0	250.0	749.83	1723.7	0.00	0.000	-0.27
47.00	22408	0	17823	8	122.0	0.00	22.2	58.3	153	108.769	0.0	250.0	749.93	1723.7	0.00	0.000	-0.27
48.00	22507	0	17747	15	121.9	0.00	22.2	58.3	153	108.750	0.0	250.0	749.80	1723.7	0.00	0.000	-0.27
49.00	22408	0	17830	23	121.5	0.00	22.2	58.2	153	108.765	0.0	250.0	749.91	1723.7	0.00	0.000	-0.27
50.00	22416	0	17808	0	120.8	0.00	22.2	58.2	153	107.584	0.0	250.0	741.76	1723.7	0.00	0.000	-0.27
51.00	22492	0	17853	8	120.5	0.00	22.2	58.3	153	107.562	0.0	250.0	741.61	1723.7	0.00	0.000	-0.27
52.00	22561	0	17846	46	120.2	0.00	22.2	58.2	153	107.574	0.0	250.0	741.70	1723.7	0.00	0.000	-0.27
53.00	22492	0	17884	15	119.8	0.00	22.2	58.2	153	107.574	0.0	250.0	741.70	1723.7	0.00	0.000	-0.27
54.00	22385	0	17853	38	119.5	0.00	22.2	58.2	153	107.580	0.0	250.0	741.74	1723.7	0.00	0.000	-0.27
55.00	22416	0	17800	15	119.5	0.00	22.2	58.2	153	107.583	0.0	250.0	741.76	1723.7	0.00	0.000	-0.27
56.00	22485	0	17808	53	119.9	0.00	22.2	58.2	153	107.595	0.0	250.0	741.84	1723.7	0.00	0.000	-0.27
57.00	22629	0	17823	8	121.1	0.00	22.2	58.2	153	108.199	0.0	250.0	746.00	1723.7	0.00	0.000	-0.27
58.00	22469	0	17724	38	122.6	0.00	22.2	58.2	153	108.743	0.0	250.0	749.76	1723.7	0.00	0.000	-0.27
59.00	22439	0	17808	8	123.8	0.00	22.2	58.2	153	108.761	0.0	250.0	749.88	1723.7	0.00	0.000	-0.27
60.00	22393	0	17823	23	125.3	0.00	22.2	58.2	153	108.740	0.0	250.0	749.74	1723.7	0.00	0.000	-0.27
61.00	22546	0	17861	8	126.7	0.00	22.2	58.2	153	108.736	0.0	250.0	749.71	1723.7	0.00	0.000	-0.27
62.00	22553	0	17853	8	127.6	0.00	22.2	58.2	153	108.747	0.0	250.0	749.78	1723.7	0.00	0.000	-0.27
63.00	22515	0	17907	23	127.8	0.00	22.2	58.3	153	108.719	0.0	250.0	749.59	1723.7	0.00	0.000	-0.27
64.00	22355	0	17830	8	128.0	0.00	22.2	58.3	153	108.726	0.0	250.0	749.64	1723.7	0.00	0.000	-0.27
65.00	22500	0	17861	31	128.2	0.00	22.2	58.3	153	108.727	0.0	250.0	749.65	1723.7	0.00	0.000	-0.27
66.00	22439	0	17876	31	128.2	0.00	22.2	58.3	153	108.716	0.0	250.0	749.57	1723.7	0.00	0.000	-0.27
67.00	22393	0	17861	15	127.9	0.00	22.2	58.3	153	108.723	0.0	250.0	749.62	1723.7	0.00	0.000	-0.27
68.00	22324	0	17884	31	127.2	0.00	22.2	58.3	153	108.724	0.0	250.0	749.63	1723.7	0.00	0.000	-0.27
69.00	22340	0	17884	46	126.4	0.00	22.2	58.3	153	108.725	0.0	250.0	749.63	1723.7	0.00	0.000	-0.27
70.00	22416	0	17891	23	125.5	0.00	22.2	58.2	153	108.726	0.0	250.0	749.64	1723.7	0.00	0.000	-0.27
71.00	22416	0	17907	31	124.9	0.00	22.2	58.2	153	108.723	0.0	250.0	749.62	1723.7	0.00	0.000	-0.27
72.00	22439	0	17808	8	124.2	0.00	22.2	58.2	153	108.731	0.0	250.0	749.67	1723.7	0.00	0.000	-0.27
73.00	22492	0	17937	0	122.9	0.00	22.2	58.2	153	108.728	0.0	250.0	749.65	1723.7	0.00	0.000	-0.27
74.00	22431	0	17945	61	122.5	0.00	22.2	58.2	153	108.738	0.0	250.0	749.73	1723.7	0.00	0.000	-0.27
75.00	22553	0	17884	15	121.5	0.00	22.2	58.2	153	108.425	0.0	250.0	747.56	1723.7	0.00	0.000	-0.27
76.00	22370	0	17907	8	120.1	0.00	22.2	58.2	153	107.602	0.0	250.0	741.89	1723.7	0.00	0.000	-0.27
77.00	22271	0	17846	8	119.4	0.00	22.2	58.2	153	107.610	0.0	250.0	741.95	1723.7	0.00	0.000	-0.27
78.00	22233	0	17884	23	118.6	0.00	22.2	58.2	153	107.610	0.0	250.0	741.95	1723.7	0.00	0.000	-0.27
79.00	22500	0	17891	0	118.2	0.00	22.2	58.2	153	107.627	0.0	250.0	742.06	1723.7	0.00	0.000	-0.27
80.00	22271	0	17899	23	118.0	0.00	22.2	58.2	153	107.651	0.0	250.0	742.23	1723.7	0.00	0.000	-0.27
81.00	22080	0	17846	15	118.1	0.00	22.2	58.2	153	107.650	0.0	250.0	742.22	1723.7	0.00	0.000	-0.27
82.00	22370	0	17914	23	118.2	0.00	22.2	58.2	153	107.667	0.0	250.0	742.34	1723.7	0.00	0.000	-0.27
83.00	22286	0	17861	8	118.6	0.00	22.2	58.2	153	107.656	0.0	250.0	742.26	1723.7	0.00	0.000	-0.27
84.00	22355	0	17884	31	119.7	0.00	22.2	58.2	153	107.637	0.0	250.0	742.13	1723.7	0.00	0.000	-0.27
85.00	22301	0	17907	0	120.9	0.00	22.2	58.2	153	107.916	0.0	250.0	744.05	1723.7	0.00	0.000	-0.27
86.00	22347	0	17876	15	122.1	0.00	22.2	58.2	153	108.750	0.0	250.0	749.80	1723.7	0.00	0.000	-0.27
87.00	22423	0	17899	23	122.9	0.00	22.2	58.2	153	108.753	0.0	250.0	749.82	1723.7	0.00	0.000	-0.27
88.00	22523	0	17998	8	123.5	0.00	22.2	58.2	153	108.754	0.0	250.0	749.83	1723.7	0.00	0.000	-0.27
89.00	22462	0	17922	8	124.9	0.00	22.2	58.2	153	108.751	0.0	250.0	749.81	1723.7	0.00	0.000	-0.27
90.00	22500	0	17853	0	126.2	0.00	22.2	58.2	153	108.753	0.0	250.0	749.83	1723.7	0.00	0.000	-0.27
91.00	22530	0	17937	8	126.4	0.00	22.2	58.2	153	108.753	0.0	250.0	749.83	1723.7	0.00	0.000	-0.27
92.00	22279	0	17998	31	126.9	0.00	22.2	58.2	153	108.763	0.0	250.0	749.89	1723.7	0.00	0.000	-0.27
93.00	22622	0	17846	31	127.2	0.00	22.2	58.2	153	108.752	0.0	250.0	749.82	1723.7	0.00	0.000	-0.27
94.00	22393	0	18052	53	127.2	0.00	22.2	58.2	153	108.756	0.0	250.0	749.85	1723.7	0.00	0.000	-0.27
95.00	22553	0	17853	0	127.1	0.00	22.2	58.2	153	108.762	0.0	250.0	749.89	1723.7	0.00	0.000	-0.27
96.00	22469	0	17968	23	127.0	0.00	22.2	58.2	153	108.752	0.0	250.0	749.82	1723.7	0.00	0.000	-0.27
97.00	22607	0	17975	31	126.6	0.00	22.2	58.2	153	108.750	0.0	250.0	749.80	1723.7	0.00	0.000	-0.27
98.00	22507	0	17983	15	125.7	0.00	22.2	58.2	153	108.757	0.0	250.0	749.86	1723.7	0.00	0.000	-0.27
99.00	22607	0	17930	23	125.1	0.00	22.2	58.2	153	108.750	0.0	250.0	749.80	1723.7	0.00	0.000	-0.27
100.00	22645	0	18006	38	124.8	0.00	22.2	58.2	153	108.750	0.0	250.0	749.81	1723.7	0.00	0.000	-0.27
101.00	22507	0	17884	46	123.9	0.00	22.2	58.2	153	108.754	0.0	250.0	749.83	1723.7	0.00	0.000	-0.27
102.00	22507	0	17991	15	122.7	0.00	22.2	58.2	153	108.756	0.0	250.0	749.85	1723.7	0.00	0.000	-0.27
103.00	22546	0	17914	31	122.5	0.00	22.2	58.2	153	108.748	0.0	250.0	749.79	1723.7	0.00	0.000	-0.27
104.00	22485	0	18029	23	121.7	0.00	22.2	58.2	153	108.747	0.0	250.0	749.79	1723.7	0.00	0.000	-0.27
105.00	22561	0	17930	0	121.1	0.00	22.2	58.2	153	108.465	0.0	250.0	747.84	1723.7	0.00	0.000	-0.27
106.00	22454	0	18067	8	120.6	0.00	22.2	58.2	153	107.563	0.0	250.0	741.62	1723.7	0.00	0.000	-0.27
107.00	22530	0	17960	0	119.7	0.00	22.2	58.2	153	107.586	0.0	250.0	741.78	1723.7	0.00	0.000	-0.27
108.00	22454	0	17983	31	119.1	0.00	22.2	58.2	153	107.555	0.0	250.0	741.56	1723.7	0.00	0.000	-0.27
109.00	22538	0	18021	61	118.8	0.00	22.2	58.2	153	107.531	0.0	250.0	741.40	1723.7	0.00	0.000	-0.27
110.00	22431	0	17991	23	118.3	0.00	22.2	58.2	153	107.523	0.0	250.0	741.35	1723.7	0.00	0.000	-0.27
111.00	22477	0	17975	8	118.2	0.00	22.2	58.2	153	107.505	0.0	250.0	741.22	1723.7	0.00	0.000	-0.27
112.00	22599	0	17968	0	118.4	0.00	22.2	58.1	153	107.510	0.0	250.0	741.25	1723.7	0.00	0.000	-0.27
113.00	22546	0	17945	38	118.7	0.00	22.2	58.1	153	107.525	0.0	250.0	741.36	1723.7	0.00	0.000	-0.27
114.00	22294	0	17922	38	119.8	0.00	22.2	58.1	153	107.513	0.0	250.0	741.27	1723.7	0.00	0.000	-0.27
115.00	22454	0	18006	46	121.2	0.00	22.2	58.1	153	108.239	0.0	250.0	746.28	1723.7	0.00	0.000	-0.27
116.00	22408	0	18059	31	122.3	0.00	22.2	58.1	153	108.726	0.0	250.0	749.64	1723.7	0.00	0.000	-0.27
117.00	22485	0	17914	0	123.7	0.00	22.2	58.1	153	108.725	0.0	250.0	749.63	1723.7	0.00	0.000	-0.27
118.00	22378	0	17891	8	124.8	0.00	22.2	58.1	153	108.736	0.0	250.0	749.71	1723.7	0.00	0.000	-0.27
119.00	22378	0	18014	0	126.3	0.00	22.2	58.1	153	108.737	0.0	250.0	749.71	1723.7	0.00	0.000	-0.27
120.00	22423	0	17960	38	126.8	0.00	22.2	58.1	153	108.735	0.0	250.0	749.70	1723.7	0.00	0.000	-0.27
121.00	22431	0	18067	15	127.3	0.00	22.2	58.1	153	108.750	0.0	250.0	749.80	1723.7	0.00	0.000	-0.27
122.00	22500	0	18036	8	128.4	0.00	22.2	58.1	153	108.743	0.0	250.0	749.76	1723.7	0.00	0.000	-0.27
123.00	22309	0	18006	0	129.0	0.00	22.2	58.1	153	108.740	0.0	250.0	749.74	1723.7	0.00	0.000	-0.27
124.00	22469	0	18029	15	129.2	0.00	22.2	58.1	153	108.742	0.0	250.0	749.75	1723.7	0.00	0.000	-0.27
125.00	22530	0	17891	23	129.3	0.00	22.2	58.1	153	108.748	0.0	250.0	749.79	1723.7	0.00	0.000	-0.27
126.00	22729	0	17953	15	129.5	0.00	22.2	58.1	153	108.744	0.0	250.0	749.76	1723.7	0.00	0.000	-0.27
127.00	22713	0	17869	8	129.5	0.00	22.2	58.1	153	108.739	0.0	250.0	749.73	1723.7	0.00	0.000	-0.27
128.00	22614	0	18036	23	129.5	0.00	22.2	58.1	153	108.756	0.0	250.0	749.85	1723.7	0.00	0.000	-0.27
129.00	22614	0	18097	8	129.5	0.00	22.2	58.1	153	108.747	0.0	250.0	749.79	1723.7	0.00	0.000	-0.27
130.00	22523	0	17983	31	129.3	0.00	22.2	58.1	153	108.752	0.0	250.0	749.82	1723.7	0.00	0.000	-0.27
131.00	22393	0	17861	53	129.2	0.00	22.3	58.1	153	108.764	0.0	250.0	749.90	1723.7	0.00	0.000	-0.27
132.00	22454	0	17998	8	129.1	0.00	22.3	58.1	153	108.745	0.0	250.0	749.77	1723.7	0.00	0.000	-0.27
133.00	22500	0	17983	31	128.7	0.00	22.3	58.1	153	108.760	0.0	250.0	749.87	1723.7	0.00	0.000	-0.27
134.00	22660	0	18082	8	127.9	0.00	22.3	58.1	153	108.759	0.0	250.0	749.87	1723.7	0.00	0.000	-0.27
135.00	22706	0	18258	23	127.7	0.00	22.3	58.1	153	108.746	0.0	250.0	749.78	1723.7	0.00	0.000	-0.27
136.00	22843	0	18296	8	127.4	0.00	22.3	58.1	153	108.764	0.0	250.0	749.90	1723.7	0.00	0.000	-0.27
137.00	22988	0	18403	8	126.9	0.00	22.3	58.1	153	108.757	0.0	250.0	749.85	1723.7	0.00	0.000	-0.27
138.00	23026	0	18639	23	126.8	0.00	22.3	58.1	153	108.756	0.0	250.0	749.85	1723.7	0.00	0.000	-0.27
139.00	23003	0	18845	8	126.4	0.00	22.3	58.1	153	108.758	0.0	250.0	749.86	1723.7	0.00	0.000	-0.27
140.00	23247	0	18998	0	125.9	0.00	22.3	58.1	153	108.753	0.0	250.0	749.83	1723.7	0.00	0.000	-0.27
141.00	23202	0	19143	69	125.2	0.00	22.3	58.1	153	108.757	0.0	250.0	749.85	1723.7	0.00	0.000	-0.27
142.00	23270	0	19173	23	125.0	0.00	22.3	58.1	153	108.744	0.0	250.0	749.76	1723.7	0.00	0.000	-0.27
143.00	23423	0	19486	15	124.7	0.00	22.3	58.1	153	108.757	0.0	250.0	749.85	1723.7	0.00	0.000	-0.27
144.00	23354	0	19539	15	124.0	0.00	22.2	58.1	153	108.750	0.0	250.0	749.80	1723.7	0.00	0.000	-0.27
145.00	23392	0	19677	38	123.7	0.00	22.3	58.1	153	108.740	0.0	250.0	749.74	1723.7	0.00	0.000	-0.27
146.00	23705	0	19829	61	123.4	0.00	22.3	58.1	153	108.762	0.0	250.0	749.89	1723.7	0.00	0.000	-0.27
147.00	23919	0	20074	15	122.8	0.00	22.2	58.1	153	108.738	0.0	250.0	749.72	1723.7	0.00	0.000	-0.27
148.00	23865	0	20112	15	121.9	0.00	22.3	58.1	153	108.739	0.0	250.0	749.73	1723.7	0.00	0.000	-0.27
149.00	23988	0	20455	23	121.8	0.00	22.3	58.1	153	108.745	0.0	250.0	749.77	1723.7	0.00	0.000	-0.27
150.00	24079	0	20730	0	121.5	0.00	22.2	58.1	153	108.724	0.0	250.0	749.63	1723.7	0.00	0.000	-0.27
151.00	24277	0	20753	23	121.0	0.00	22.2	58.1	153	107.772	0.0	250.0	743.06	1723.7	0.00	0.000	-0.27
152.00	24094	0	20898	38	120.5	0.00	22.3	58.1	153	107.564	0.0	250.0	741.63	1723.7	0.00	0.000	-0.27
153.00	24155	0	21004	15	120.0	0.00	22.2	58.1	153	107.521	0.0	250.0	741.33	1723.7	0.00	0.000	-0.27
154.00	24216	0	21073	15	119.9	0.00	22.2	58.1	153	107.541	0.0	250.0	741.47	1723.7	0.00	0.000	-0.27
155.00	24300	0	21210	15	119.7	0.00	22.2	58.1	153	107.530	0.0	250.0	741.39	1723.7	0.00	0.000	-0.27
156.00	24476	0	21424	46	119.6	0.00	22.2	58.1	153	107.544	0.0	250.0	741.49	1723.7	0.00	0.000	-0.27
157.00	24567	0	21538	23	120.0	0.00	22.2	58.1	153	107.530	0.0	250.0	741.39	1723.7	0.00	0.000	-0.27
158.00	24522	0	21615	38	121.0	0.00	22.2	58.1	153	108.360	0.0	250.0	747.11	1723.7	0.00	0.000	-0.27
159.00	24552	0	21722	8	121.4	0.00	22.2	58.1	153	108.729	0.0	250.0	749.66	1723.7	0.00	0.000	-0.27
160.00	24689	0	21813	23	122.4	0.00	22.2	58.1	153	108.720	0.0	250.0	749.60	1723.7	0.00	0.000	-0.27
161.00	24728	0	21905	8	124.8	0.00	22.2	58.1	153	108.744	0.0	250.0	749.77	1723.7	0.00	0.000	-0.27
162.00	24720	0	21935	31	126.2	0.00	22.2	58.1	153	108.729	0.0	250.0	749.66	1723.7	0.00	0.000	-0.27
163.00	24758	0	22111	15	127.5	0.00	22.2	58.1	153	108.725	0.0	250.0	749.63	1723.7	0.00	0.000	-0.27
164.00	24758	0	22095	38	128.5	0.00	22.2	58.1	153	108.753	0.0	250.0	749.83	1723.7	0.00	0.000	-0.27
165.00	24682	0	22103	15	129.4	0.00	22.2	58.1	153	108.724	0.0	250.0	749.62	1723.7	0.00	0.000	-0.27
166.00	24812	0	22294	38	129.7	0.00	22.2	58.1	153	108.743	0.0	250.0	749.75	1723.7	0.00	0.000	-0.27
167.00	24934	0	22309	0	130.1	0.00	22.2	58.0	153	108.750	0.0	250.0	749.81	1723.7	0.00	0.000	-0.27
168.00	24987	0	22439	23	130.5	0.00	22.2	58.1	153	108.726	0.0	250.0	749.64	1723.7	0.00	0.000	-0.27
169.00	25185	0	22515	15	130.8	0.00	22.2	58.1	153	108.746	0.0	250.0	749.77	1723.7	0.00	0.000	-0.27
170.00	25361	0	22706	23	131.1	0.00	22.2	58.0	153	108.740	0.0	250.0	749.74	1723.7	0.00	0.000	-0.27
171.00	25285	0	22721	0	131.2	0.00	22.2	58.1	153	108.736	0.0	250.0	749.71	1723.7	0.00	0.000	-0.27
172.00	25475	0	22897	23	131.0	0.00	22.2	58.1	153	108.754	0.0	250.0	749.83	1723.7	0.00	0.000	-0.27
173.00	25513	0	23041	31	130.9	0.00	22.2	58.0	153	108.743	0.0	250.0	749.76	1723.7	0.00	0.000	-0.27
174.00	25651	0	23064	31	130.8	0.00	22.2	58.1	153	108.753	0.0	250.0	749.83	1723.7	0.00	0.000	-0.27
175.00	25414	0	23041	23	130.7	0.00	22.2	58.0	153	108.755	0.0	250.0	749.84	1723.7	0.00	0.000	-0.27
176.00	25269	0	23011	31	130.4	0.00	22.2	58.1	153	108.752	0.0	250.0	749.82	1723.7	0.00	0.000	-0.27
177.00	25544	0	23057	31	130.2	0.00	22.2	58.1	153	108.752	0.0	250.0	749.82	1723.7	0.00	0.000	-0.27
178.00	25597	0	23133	8	129.5	0.00	22.2	58.0	153	108.748	0.0	250.0	749.79	1723.7	0.00	0.000	-0.27
179.00	25666	0	23225	15	129.0	0.00	22.2	58.1	153	108.759	0.0	250.0	749.87	1723.7	0.00	0.000	-0.27
180.00	25620	0	23217	38	128.9	0.00	22.2	58.1	153	108.753	0.0	250.0	749.83	1723.7	0.00	0.000	-0.27
181.00	26070	0	23453	38	128.6	0.00	22.2	58.0	153	108.755	0.0	250.0	749.84	1723.7	0.00	0.000	-0.27
182.00	26986	0	24117	8	128.0	0.00	22.2	58.0	153	108.767	0.0	250.0	749.92	1723.7	0.00	0.000	-0.27
183.00	28352	0	25689	0	127.4	0.00	22.2	58.1	153	108.747	0.0	250.0	749.78	1723.7	0.00	0.000	-0.27
184.00	29847	0	27886	15	127.1	0.00	22.2	58.0	153	108.753	0.0	250.0	749.82	1723.7	0.00	0.000	-0.27
185.00	30999	0	30282	23	126.7	0.00	22.2	58.0	153	108.758	0.0	250.0	749.86	1723.7	0.00	0.000	-0.27
186.00	31060	0	31671	15	125.8	0.00	22.2	58.0	153	108.740	0.0	250.0	749.74	1723.7	0.00	0.000	-0.27
187.00	31114	0	32144	8	125.6	0.00	22.2	58.1	153	108.754	0.0	250.0	749.83	1723.7	0.00	0.000	-0.27
188.00	30656	0	31930	31	125.3	0.00	22.2	58.0	153	108.756	0.0	250.0	749.84	1723.7	0.00	0.000	-0.27
189.00	30168	0	31381	23	124.6	0.00	22.2	58.1	153	108.747	0.0	250.0	749.79	1723.7	0.00	0.000	-0.27
190.00	29633	0	30648	15	124.3	0.00	22.2	58.1	153	108.754	0.0	250.0	749.83	1723.7	0.00	0.000	-0.27
191.00	29275	0	29771	0	123.9	0.00	22.2	58.1	153	108.748	0.0	250.0	749.79	1723.7	0.00	0.000	-0.27
192.00	28939	0	29008	31	123.1	0.00	22.2	58.0	153	108.738	0.0	250.0	749.72	1723.7	0.00	0.000	-0.27
193.00	28466	0	28253	38	122.7	0.00	22.2	58.0	153	108.734	0.0	250.0	749.69	1723.7	0.00	0.000	-0.27
194.00	28108	0	27650	53	122.4	0.00	22.2	58.0	153	108.730	0.0	250.0	749.67	1723.7	0.00	0.000	-0.27
195.00	27688	0	26872	15	121.8	0.00	22.2	58.1	153	108.725	0.0	250.0	749.63	1723.7	0.00	0.000	-0.27
196.00	27421	0	26368	8	121.5	0.00	22.2	58.0	153	108.718	0.0	250.0	749.58	1723.7	0.00	0.000	-0.27
197.00	27123	0	25811	31	121.1	0.00	22.2	58.0	153	108.301	0.0	250.0	746.71	1723.7	0.00	0.000	-0.27
198.00	26788	0	25330	0	120.4	0.00	22.2	58.0	153	107.532	0.0	250.0	741.41	1723.7	0.00	0.000	-0.27
199.00	26490	0	24895	23	120.1	0.00	22.2	58.0	153	107.512	0.0	250.0	741.27	1723.7	0.00	0.000	-0.27
200.00	26048	0	24567	8	119.7	0.00	22.2	58.0	153	107.521	0.0	250.0	741.33	1723.7	0.00	0.000	-0.27
201.00	25819	0	24300	38	119.2	0.00	22.2	58.0	153	107.517	0.0	250.0	741.31	1723.7	0.00	0.000	-0.27
202.00	25552	0	24018	8	119.4	0.00	22.2	58.0	153	107.513	0.0	250.0	741.27	1723.7	0.00	0.000	-0.27
203.00	25468	0	23637	8	119.5	0.00	22.2	58.0	153	107.541	0.0	250.0	741.47	1723.7	0.00	0.000	-0.27
204.00	25285	0	23362	23	120.1	0.00	22.2	58.0	153	107.519	0.0	250.0	741.31	1723.7	0.00	0.000	-0.27
205.00	25056	0	22927	23	121.4	0.00	22.2	58.0	153	108.513	0.0	250.0	748.17	1723.7	0.00	0.000	-0.27
206.00	25048	0	22469	8	122.9	0.00	22.2	58.0	153	108.737	0.0	250.0	749.72	1723.7	0.00	0.000	-0.27
207.00	24743	0	22340	8	124.2	0.00	22.2	58.0	153	108.724	0.0	250.0	749.62	1723.7	0.00	0.000	-0.27
208.00	24751	0	22202	31	125.7	0.00	22.2	58.0	153	108.734	0.0	250.0	749.69	1723.7	0.00	0.000	-0.27
209.00	24781	0	21920	8	127.2	0.00	22.2	58.0	153	108.739	0.0	250.0	749.73	1723.7	0.00	0.000	-0.27
210.00	24514	0	21805	84	128.3	0.00	22.2	58.0	153	108.731	0.0	250.0	749.67	1723.7	0.00	0.000	-0.27
211.00	24384	0	21645	53	129.2	0.00	22.2	58.0	153	108.740	0.0	250.0	749.74	1723.7	0.00	0.000	-0.27
212.00	24201	0	21409	31	130.2	0.00	22.2	58.0	153	108.742	0.0	250.0	749.75	1723.7	0.00	0.000	-0.27
213.00	24186	0	21180	23	131.0	0.00	22.2	58.0	153	108.738	0.0	250.0	749.72	1723.7	0.00	0.000	-0.27
214.00	24194	0	21195	23	131.6	0.00	22.2	58.0	153	108.743	0.0	250.0	749.76	1723.7	0.00	0.000	-0.27
215.00	24018	0	20806	8	131.6	0.00	22.2	58.0	153	108.744	0.0	250.0	749.76	1723.7	0.00	0.000	-0.27
216.00	24003	0	20699	31	131.8	0.00	22.2	58.0	153	108.743	0.0	250.0	749.76	1723.7	0.00	0.000	-0.27
217.00	23843	0	20547	8	132.1	0.00	22.2	58.0	153	108.747	0.0	250.0	749.78	1723.7	0.00	0.000	-0.27
218.00	23919	0	20463	23	132.1	0.00	22.2	58.0	153	108.755	0.0	250.0	749.84	1723.7	0.00	0.000	-0.27
219.00	23843	0	20341	38	132.1	0.00	22.2	58.0	153	108.749	0.0	250.0	749.80	1723.7	0.00	0.000	-0.27
220.00	23736	0	20157	15	132.0	0.00	22.2	58.0	153	108.753	0.0	250.0	749.83	1723.7	0.00	0.000	-0.27
221.00	23568	0	20081	15	131.8	0.00	22.2	58.0	153	108.757	0.0	250.0	749.85	1723.7	0.00	0.000	-0.27
222.00	23766	0	19997	23	131.6	0.00	22.2	58.0	153	108.752	0.0	250.0	749.82	1723.7	0.00	0.000	-0.27
223.00	23614	0	19921	8	131.4	0.00	22.2	58.0	153	108.751	0.0	250.0	749.81	1723.7	0.00	0.000	-0.27
224.00	23629	0	19814	38	130.6	0.00	22.2	58.0	153	108.759	0.0	250.0	749.87	1723.7	0.00	0.000	-0.27
225.00	23476	0	19730	46	130.3	0.00	22.2	58.0	153	108.753	0.0	250.0	749.83	1723.7	0.00	0.000	-0.27
226.00	23293	0	19623	31	130.0	0.00	22.2	58.0	153	108.755	0.0	250.0	749.84	1723.7	0.00	0.000	-0.27
227.00	23324	0	19547	31	129.8	0.00	22.2	58.0	153	108.760	0.0	250.0	749.87	1723.7	0.00	0.000	-0.27
228.00	23438	0	19601	31	129.4	0.00	22.2	58.0	153	108.745	0.0	250.0	749.77	1723.7	0.00	0.000	-0.27
229.00	23377	0	19395	31	128.8	0.00	22.2	58.0	153	108.755	0.0	250.0	749.84	1723.7	0.00	0.000	-0.27
230.00	23347	0	19463	0	128.3	0.00	22.2	58.0	153	108.753	0.0	250.0	749.83	1723.7	0.00	0.000	-0.27
231.00	23331	0	19379	31	128.0	0.00	22.2	58.0	153	108.742	0.0	250.0	749.75	1723.7	0.00	0.000	-0.27
232.00	23331	0	19242	8	127.4	0.00	22.2	58.0	153	108.748	0.0	250.0	749.79	1723.7	0.00	0.000	-0.27
233.00	23339	0	19311	8	127.0	0.00	22.2	58.0	153	108.750	0.0	250.0	749.81	1723.7	0.00	0.000	-0.27
234.00	23255	0	19227	15	126.6	0.00	22.2	58.0	153	108.740	0.0	250.0	749.74	1723.7	0.00	0.000	-0.27
235.00	23278	0	19234	38	126.0	0.00	22.2	58.0	153	108.748	0.0	250.0	749.79	1723.7	0.00	0.000	-0.27
236.00	23370	0	19311	23	125.6	0.00	22.2	58.0	153	108.742	0.0	250.0	749.75	1723.7	0.00	0.000	-0.27
237.00	23362	0	19189	23	125.1	0.00	22.2	58.0	153	108.725	0.0	250.0	749.63	1723.7	0.00	0.000	-0.27
238.00	23225	0	19372	15	124.4	0.00	22.2	58.0	153	108.738	0.0	250.0	749.72	1723.7	0.00	0.000	-0.27
239.00	23324	0	19097	8	123.9	0.00	22.2	57.9	153	108.727	0.0	250.0	749.65	1723.7	0.00	0.000	-0.27
240.00	23225	0	19196	8	123.8	0.00	22.2	58.0	153	108.720	0.0	250.0	749.60	1723.7	0.00	0.000	-0.27
241.00	23232	0	19150	46	123.4	0.00	22.2	58.0	153	108.721	0.0	250.0	749.60	1723.7	0.00	0.000	-0.27
242.00	23400	0	19173	31	122.7	0.00	22.2	57.9	153	108.716	0.0	250.0	749.57	1723.7	0.00	0.000	-0.27
243.00	23164	0	19150	15	122.4	0.00	22.2	58.0	153	108.717	0.0	250.0	749.58	1723.7	0.00	0.000	-0.27
244.00	23240	0	18998	15	122.0	0.00	22.2	58.0	153	108.715	0.0	250.0	749.57	1723.7	0.00	0.000	-0.27
245.00	23080	0	19059	23	121.2	0.00	22.2	57.9	153	108.716	0.0	250.0	749.57	1723.7	0.00	0.000	-0.27
246.00	23171	0	19127	38	121.1	0.00	22.2	58.0	153	108.300	0.0	250.0	746.70	1723.7	0.00	0.000	-0.27
247.00	23194	0	18944	0	120.6	0.00	22.2	58.0	153	107.550	0.0	250.0	741.53	1723.7	0.00	0.000	-0.27
248.00	23103	0	18929	31	120.0	0.00	22.2	57.9	153	107.562	0.0	250.0	741.61	1723.7	0.00	0.000	-0.27
249.00	23103	0	18967	23	119.8	0.00	22.2	57.9	153	107.553	0.0	250.0	741.55	1723.7	0.00	0.000	-0.27
250.00	23156	0	18937	15	119.5	0.00	22.2	57.9	153	107.566	0.0	250.0	741.64	1723.7	0.00	0.000	-0.27
251.00	22950	0	18921	46	119.5	0.00	22.2	57.9	153	107.586	0.0	250.0	741.78	1723.7	0.00	0.000	-0.27
252.00	22889	0	18998	15	119.7	0.00	22.2	57.9	153	107.581	0.0	250.0	741.75	1723.7	0.00	0.000	-0.27
253.00	22797	0	18868	0	120.1	0.00	22.2	57.9	153	107.602	0.0	250.0	741.89	1723.7	0.00	0.000	-0.27
254.00	22904	0	18784	46	121.5	0.00	22.2	57.9	153	108.607	0.0	250.0	748.82	1723.7	0.00	0.000	-0.27
255.00	22866	0	18815	23	122.8	0.00	22.2	57.9	153	108.728	0.0	250.0	749.66	1723.7	0.00	0.000	-0.27
256.00	22942	0	18777	15	124.3	0.00	22.2	57.9	153	108.743	0.0	250.0	749.76	1723.7	0.00	0.000	-0.27
257.00	22858	0	18799	0	124.8	0.00	22.2	57.9	153	108.743	0.0	250.0	749.76	1723.7	0.00	0.000	-0.27
258.00	22874	0	18792	15	125.9	0.00	22.2	57.9	153	108.733	0.0	250.0	749.69	1723.7	0.00	0.000	-0.27
259.00	22805	0	18738	0	128.2	0.00	22.2	57.9	153	108.747	0.0	250.0	749.78	1723.7	0.00	0.000	-0.27
260.00	22813	0	18693	38	129.3	0.00	22.2	57.9	153	108.743	0.0	250.0	749.76	1723.7	0.00	0.000	-0.27
261.00	22858	0	18746	15	130.4	0.00	22.2	57.9	153	108.740	0.0	250.0	749.74	1723.7	0.00	0.000	-0.27
262.00	22736	0	18670	46	130.8	0.00	22.2	57.9	153	108.753	0.0	250.0	749.82	1723.7	0.00	0.000	-0.27
263.00	22744	0	18624	31	131.1	0.00	22.2	57.9	153	108.746	0.0	250.0	749.78	1723.7	0.00	0.000	-0.27
264.00	22813	0	18586	0	131.6	0.00	22.2	57.9	153	108.751	0.0	250.0	749.81	1723.7	0.00	0.000	-0.27
265.00	22622	0	18662	8	132.0	0.00	22.2	57.9	153	108.748	0.0	250.0	749.79	1723.7	0.00	0.000	-0.27
266.00	22629	0	18624	23	132.0	0.00	22.2	57.9	153	108.750	0.0	250.0	749.81	1723.7	0.00	0.000	-0.27
267.00	22629	0	18578	0	132.0	0.00	22.2	57.9	153	108.753	0.0	250.0	749.83	1723.7	0.00	0.000	-0.27
268.00	24384	0	18601	46	132.1	0.00	22.2	57.9	153	108.747	0.0	250.0	749.79	1723.7	0.00	0.000	-0.27
269.00	45396	0	18792	15	132.0	0.00	22.2	57.9	153	108.758	0.0	250.0	749.86	1723.7	0.00	0.000	-0.27
270.00	62983	0	19211	15	131.9	0.00	22.2	57.9	153	108.751	0.0	250.0	749.81	1723.7	0.00	0.000	-0.27
271.00	65699	0	19417	23	131.6	0.00	22.2	57.9	153	108.741	0.0	250.0	749.74	1723.7	0.00	0.000	-0.27
272.00	67057	0	19372	38	131.2	0.00	22.2	57.9	153	108.755	0.0	250.0	749.84	1723.7	0.00	0.000	-0.27
273.00	69254	0	19471	0	130.9	0.00	22.2	57.9	153	108.743	0.0	250.0	749.76	1723.7	0.00	0.000	-0.27
274.00	70009	0	19410	15	130.4	0.00	22.2	57.9	153	108.742	0.0	250.0	749.75	1723.7	0.00	0.000	-0.27
275.00	47166	0	19318	8	130.1	0.00	22.2	57.9	153	108.759	0.0	250.0	749.87	1723.7	0.00	0.000	-0.27
276.00	30839	0	19013	53	129.9	0.00	22.2	57.9	153	108.740	0.0	250.0	749.74	1723.7	0.00	0.000	-0.27
277.00	26528	0	18746	0	129.4	0.00	22.2	57.9	153	108.744	0.0	250.0	749.76	1723.7	0.00	0.000	-0.27
278.00	24995	0	18639	0	128.7	0.00	22.2	57.9	153	108.752	0.0	250.0	749.82	1723.7	0.00	0.000	-0.27
279.00	24453	0	18563	8	128.6	0.00	22.2	57.9	153	108.737	0.0	250.0	749.72	1723.7	0.00	0.000	-0.27
280.00	24171	0	18548	15	128.2	0.00	22.2	57.9	153	108.745	0.0	250.0	749.77	1723.7	0.00	0.000	-0.27
281.00	23827	0	18555	0	127.4	0.00	22.2	57.9	153	108.738	0.0	250.0	749.72	1723.7	0.00	0.000	-0.27
282.00	23782	0	18525	0	127.2	0.00	22.2	57.9	153	108.722	0.0	250.0	749.61	1723.7	0.00	0.000	-0.27
283.00	23431	0	18494	0	126.8	0.00	22.2	57.9	153	108.733	0.0	250.0	749.69	1723.7	0.00	0.000	-0.27
284.00	23301	0	18525	15	126.3	0.00	22.2	57.9	153	108.727	0.0	250.0	749.65	1723.7	0.00	0.000	-0.27
