Time (sec)	Detector 1 (uV)	Detector 2 (uV)	Detector 3 (uV)	Detector 4 (uV)	Temperature (deg C)	EC (mS/m)	MIP Pressure (psi)	MIP Flow (mL/min)	MIP Pressure (kPa)	HPT Press. (psi)	HPT Flow (mL/min)	HPT Line Press. (psi)	HPT Press. (kPa)	HPT Line Press. (kPa)	Depth (ft)	Depth (m)	HPT Screen Depth (ft)
0.00	19639	0	18410	122	130.4	11.58	9.7	39.6	67	15.481	0.0	250.0	106.74	1723.7	0.00	0.000	-0.27
1.00	19547	0	18296	76	130.0	11.66	9.7	39.6	67	15.479	0.0	250.0	106.72	1723.7	0.00	0.000	-0.27
2.00	19578	0	18349	92	129.3	11.62	9.7	39.6	67	15.488	0.0	250.0	106.79	1723.7	0.00	0.000	-0.27
3.00	19471	0	18387	122	129.0	11.73	9.7	39.6	67	15.485	0.0	250.0	106.76	1723.7	0.00	0.000	-0.27
4.00	19295	0	18372	114	128.7	11.65	9.7	39.6	67	15.486	0.0	250.0	106.77	1723.7	0.00	0.000	-0.27
5.00	19204	0	18441	107	128.0	11.72	9.7	39.6	67	15.480	0.0	250.0	106.73	1723.7	0.00	0.000	-0.27
6.00	18998	0	18433	114	127.2	11.65	9.7	39.6	67	15.479	0.0	250.0	106.73	1723.7	0.00	0.000	-0.27
7.00	18944	0	18410	107	127.0	11.85	9.7	39.6	67	15.481	0.0	250.0	106.74	1723.7	0.00	0.000	-0.27
8.00	18685	0	18441	145	126.5	11.85	9.7	39.6	67	15.477	0.0	250.0	106.71	1723.7	0.00	0.000	-0.27
9.00	18876	0	18418	114	125.7	11.60	9.7	39.6	67	15.485	0.0	250.0	106.76	1723.7	0.00	0.000	-0.27
10.00	18563	0	18426	69	124.9	11.64	9.7	39.6	67	15.483	0.0	250.0	106.75	1723.7	0.00	0.000	-0.27
11.00	18563	0	18448	114	124.7	11.82	9.7	39.6	67	15.481	0.0	250.0	106.74	1723.7	0.00	0.000	-0.27
12.00	18563	0	18372	130	124.1	11.76	9.7	39.6	67	15.481	0.0	250.0	106.74	1723.7	0.00	0.000	-0.27
13.00	18487	0	18471	84	123.3	11.85	9.7	39.6	67	15.479	0.0	250.0	106.72	1723.7	0.00	0.000	-0.27
14.00	18540	0	18410	69	122.7	11.58	9.7	39.6	67	15.482	0.0	250.0	106.75	1723.7	0.00	0.000	-0.27
15.00	18571	0	18418	145	122.1	11.45	9.7	39.6	67	15.483	0.0	250.0	106.75	1723.7	0.00	0.000	-0.27
16.00	18654	0	18380	84	121.8	11.71	9.7	39.6	67	15.477	0.0	250.0	106.71	1723.7	0.00	0.000	-0.27
17.00	18555	0	18410	114	121.1	11.66	9.7	39.6	67	15.479	0.0	250.0	106.73	1723.7	0.00	0.000	-0.27
18.00	18479	0	18342	130	120.6	11.69	9.7	39.6	67	15.483	0.0	250.0	106.75	1723.7	0.00	0.000	-0.27
19.00	18479	0	18433	145	120.2	11.58	9.7	39.6	67	15.482	0.0	250.0	106.75	1723.7	0.00	0.000	-0.27
20.00	18571	0	18357	61	119.3	11.58	9.7	39.6	67	15.481	0.0	250.0	106.74	1723.7	0.00	0.000	-0.27
21.00	18616	0	18387	84	118.9	11.70	9.7	39.6	67	15.480	0.0	250.0	106.73	1723.7	0.00	0.000	-0.27
22.00	18593	0	18410	114	118.9	11.61	9.7	39.6	67	15.481	0.0	250.0	106.74	1723.7	0.00	0.000	-0.27
23.00	18342	0	18273	145	119.0	11.59	9.7	39.6	67	15.484	0.0	250.0	106.76	1723.7	0.00	0.000	-0.27
24.00	18464	0	18372	122	119.3	11.54	9.7	39.6	67	15.482	0.0	250.0	106.74	1723.7	0.00	0.000	-0.27
25.00	18357	0	18296	99	120.5	11.61	9.7	39.6	67	15.482	0.0	250.0	106.74	1723.7	0.00	0.000	-0.27
26.00	18502	0	18311	92	121.2	11.60	9.7	39.6	67	15.483	0.0	250.0	106.75	1723.7	0.00	0.000	-0.27
27.00	18464	0	18288	114	121.9	11.66	9.7	39.6	67	15.488	0.0	250.0	106.78	1723.7	0.00	0.000	-0.27
28.00	18433	0	18273	92	123.6	11.74	9.7	39.6	67	15.483	0.0	250.0	106.75	1723.7	0.00	0.000	-0.27
29.00	18555	0	18204	69	125.7	11.72	9.7	39.6	67	15.482	0.0	250.0	106.74	1723.7	0.00	0.000	-0.27
30.00	18548	0	18220	76	127.0	11.71	9.7	39.6	67	15.483	0.0	250.0	106.75	1723.7	0.00	0.000	-0.27
31.00	18532	0	18212	99	128.2	11.60	9.7	39.6	67	15.475	0.0	250.0	106.70	1723.7	0.00	0.000	-0.27
32.00	18494	0	18174	99	129.0	11.84	9.7	39.6	67	15.474	0.0	250.0	106.69	1723.7	0.00	0.000	-0.27
33.00	18517	0	18242	114	129.6	11.69	9.7	39.6	67	15.474	0.0	250.0	106.69	1723.7	0.00	0.000	-0.27
34.00	18632	0	18174	107	129.8	11.64	9.7	39.6	67	15.474	0.0	250.0	106.69	1723.7	0.00	0.000	-0.27
35.00	18532	0	18151	38	130.2	11.86	9.7	39.6	67	15.474	0.0	250.0	106.69	1723.7	0.00	0.000	-0.27
36.00	18830	0	18105	160	131.0	11.53	9.7	39.6	67	15.470	0.0	250.0	106.66	1723.7	0.00	0.000	-0.27
37.00	18746	0	18120	69	130.9	11.70	9.7	39.6	67	15.469	0.0	250.0	106.66	1723.7	0.00	0.000	-0.27
38.00	18891	0	18136	130	130.7	11.58	9.7	39.6	67	15.479	0.0	250.0	106.73	1723.7	0.00	0.000	-0.27
39.00	19044	0	18044	23	130.5	11.81	9.7	39.6	67	15.474	0.0	250.0	106.69	1723.7	0.00	0.000	-0.27
40.00	18937	0	18075	46	130.3	11.62	9.7	39.6	67	15.476	0.0	250.0	106.71	1723.7	0.00	0.000	-0.27
41.00	19120	0	18181	69	130.1	11.63	9.7	39.6	67	15.476	0.0	250.0	106.71	1723.7	0.00	0.000	-0.27
42.00	19089	0	18067	92	129.7	11.48	9.7	39.6	67	15.484	0.0	250.0	106.76	1723.7	0.00	0.000	-0.27
43.00	19364	0	18097	130	129.0	11.71	9.7	39.6	67	15.488	0.0	250.0	106.79	1723.7	0.00	0.000	-0.27
44.00	19486	0	18113	99	128.7	11.62	9.7	39.6	67	15.529	0.0	250.0	107.07	1723.7	0.00	0.000	-0.27
45.00	19257	0	18059	84	128.4	11.58	9.7	39.6	67	15.536	0.0	250.0	107.12	1723.7	0.00	0.000	-0.27
46.00	19387	0	18036	76	127.6	11.80	9.7	39.6	67	15.543	0.0	250.0	107.16	1723.7	0.00	0.000	-0.27
47.00	19272	0	18075	99	126.9	11.60	9.7	39.6	67	15.538	0.0	250.0	107.13	1723.7	0.00	0.000	-0.27
48.00	19272	0	18029	114	126.4	11.75	9.7	39.6	67	15.542	0.0	250.0	107.16	1723.7	0.00	0.000	-0.27
49.00	19333	0	18014	92	126.0	11.64	9.7	39.6	67	15.546	0.0	250.0	107.18	1723.7	0.00	0.000	-0.27
50.00	19417	0	18097	61	125.4	11.53	9.7	39.6	67	15.541	0.0	250.0	107.15	1723.7	0.00	0.000	-0.27
51.00	19417	0	18113	107	124.6	11.91	9.7	39.6	67	15.547	0.0	250.0	107.20	1723.7	0.00	0.000	-0.27
52.00	19242	0	18014	84	123.9	11.79	9.7	39.6	67	15.543	0.0	250.0	107.16	1723.7	0.00	0.000	-0.27
53.00	19288	0	17945	137	123.7	11.88	9.7	39.6	67	15.541	0.0	250.0	107.15	1723.7	0.00	0.000	-0.27
54.00	19326	0	18128	99	123.3	11.66	9.7	39.6	67	15.541	0.0	250.0	107.15	1723.7	0.00	0.000	-0.27
55.00	19127	0	18097	107	122.4	11.70	9.7	39.6	67	15.543	0.0	250.0	107.16	1723.7	0.00	0.000	-0.27
56.00	19257	0	18067	69	122.0	11.56	9.7	39.6	67	15.544	0.0	250.0	107.17	1723.7	0.00	0.000	-0.27
57.00	19196	0	18059	92	121.5	11.62	9.7	39.6	67	15.542	0.0	250.0	107.16	1723.7	0.00	0.000	-0.27
58.00	19311	0	18059	92	120.6	11.63	9.7	39.6	67	15.542	0.0	250.0	107.16	1723.7	0.00	0.000	-0.27
59.00	19173	0	18029	46	120.1	11.51	9.7	39.6	67	15.542	0.0	250.0	107.16	1723.7	0.00	0.000	-0.27
60.00	19158	0	18052	69	119.9	11.43	9.7	39.6	67	15.545	0.0	250.0	107.18	1723.7	0.00	0.000	-0.27
61.00	19150	0	18044	122	119.5	11.74	9.7	39.6	67	15.540	0.0	250.0	107.14	1723.7	0.00	0.000	-0.27
62.00	19097	0	18006	114	119.0	11.72	9.7	39.6	67	15.546	0.0	250.0	107.18	1723.7	0.00	0.000	-0.27
63.00	19211	0	18036	53	118.9	11.88	9.7	39.6	67	15.542	0.0	250.0	107.16	1723.7	0.00	0.000	-0.27
64.00	19196	0	18006	107	119.0	11.83	9.7	39.6	67	15.546	0.0	250.0	107.19	1723.7	0.00	0.000	-0.27
65.00	19272	0	18159	92	119.6	11.60	9.7	39.6	67	15.556	0.0	250.0	107.25	1723.7	0.00	0.000	-0.27
66.00	19356	0	17975	99	121.0	11.59	9.7	39.6	67	15.544	0.0	250.0	107.17	1723.7	0.00	0.000	-0.27
67.00	19143	0	17983	69	122.3	11.78	9.7	39.6	67	15.537	0.0	250.0	107.13	1723.7	0.00	0.000	-0.27
68.00	19272	0	17953	107	123.6	11.77	9.7	39.6	67	15.555	0.0	250.0	107.25	1723.7	0.00	0.000	-0.27
69.00	19250	0	18044	107	125.1	11.77	9.7	39.6	67	15.561	0.0	250.0	107.29	1723.7	0.00	0.000	-0.27
70.00	19196	0	17968	114	126.6	11.62	9.7	39.6	67	15.550	0.0	250.0	107.22	1723.7	0.00	0.000	-0.27
71.00	19417	0	17998	99	128.0	11.60	9.7	39.6	67	15.557	0.0	250.0	107.26	1723.7	0.00	0.000	-0.27
72.00	19311	0	18044	122	129.3	11.97	9.7	39.6	67	15.566	0.0	250.0	107.32	1723.7	0.00	0.000	-0.27
73.00	19364	0	18029	114	130.2	11.70	9.7	39.6	67	15.558	0.0	250.0	107.27	1723.7	0.00	0.000	-0.27
74.00	19242	0	18006	153	131.0	11.80	9.7	39.6	67	15.547	0.0	250.0	107.19	1723.7	0.00	0.000	-0.27
75.00	19166	0	18029	168	131.7	11.88	9.7	39.6	67	15.552	0.0	250.0	107.22	1723.7	0.00	0.000	-0.27
76.00	19265	0	18044	122	131.7	11.65	9.7	39.6	67	15.552	0.0	250.0	107.23	1723.7	0.00	0.000	-0.27
77.00	19257	0	18006	76	131.8	11.58	9.7	39.6	67	15.550	0.0	250.0	107.21	1723.7	0.00	0.000	-0.27
78.00	19242	0	17998	145	131.9	11.65	9.7	39.6	67	15.546	0.0	250.0	107.18	1723.7	0.00	0.000	-0.27
79.00	19410	0	18029	99	132.0	11.59	9.7	39.6	67	15.553	0.0	250.0	107.24	1723.7	0.00	0.000	-0.27
80.00	19272	0	17953	107	131.9	11.92	9.7	39.6	67	15.550	0.0	250.0	107.21	1723.7	0.00	0.000	-0.27
81.00	19402	0	18021	76	131.6	11.78	9.7	39.6	67	15.547	0.0	250.0	107.19	1723.7	0.00	0.000	-0.27
82.00	19288	0	18006	107	131.3	11.89	9.7	39.6	67	15.550	0.0	250.0	107.21	1723.7	0.00	0.000	-0.27
83.00	19379	0	17953	76	131.1	11.81	9.7	39.6	67	15.548	0.0	250.0	107.20	1723.7	0.00	0.000	-0.27
84.00	19356	0	17960	107	130.7	11.76	9.7	39.6	67	15.550	0.0	250.0	107.21	1723.7	0.00	0.000	-0.27
85.00	19326	0	17891	114	130.0	11.76	9.7	39.6	67	15.551	0.0	250.0	107.22	1723.7	0.00	0.000	-0.27
86.00	19478	0	17884	137	129.5	11.80	9.7	39.6	67	15.545	0.0	250.0	107.18	1723.7	0.00	0.000	-0.27
87.00	19257	0	17876	84	129.3	11.98	9.7	39.6	67	15.549	0.0	250.0	107.20	1723.7	0.00	0.000	-0.27
88.00	19372	0	17968	84	128.8	11.56	9.7	39.6	67	15.550	0.0	250.0	107.21	1723.7	0.00	0.000	-0.27
89.00	19326	0	17922	130	127.9	11.68	9.7	39.6	67	15.547	0.0	250.0	107.20	1723.7	0.00	0.000	-0.27
90.00	19417	0	17937	84	127.2	11.72	9.7	39.6	67	15.549	0.0	250.0	107.21	1723.7	0.00	0.000	-0.27
91.00	19601	0	17838	69	126.6	11.79	9.7	39.6	67	15.545	0.0	250.0	107.18	1723.7	0.00	0.000	-0.27
92.00	19448	0	17922	76	126.1	11.49	9.7	39.6	67	15.549	0.0	250.0	107.21	1723.7	0.00	0.000	-0.27
93.00	19433	0	17945	107	125.9	11.59	9.7	39.6	67	15.544	0.0	250.0	107.17	1723.7	0.00	0.000	-0.27
94.00	19578	0	17930	160	125.4	11.69	9.7	39.6	67	15.547	0.0	250.0	107.19	1723.7	0.00	0.000	-0.27
95.00	19532	0	17899	130	124.6	11.70	9.7	39.6	67	15.548	0.0	250.0	107.20	1723.7	0.00	0.000	-0.27
96.00	19547	0	17869	84	123.9	11.81	9.7	39.6	67	15.547	0.0	250.0	107.19	1723.7	0.00	0.000	-0.27
97.00	19272	0	17953	69	123.3	11.58	9.7	39.6	67	15.548	0.0	250.0	107.20	1723.7	0.00	0.000	-0.27
98.00	19593	0	17914	84	123.0	11.62	9.7	39.6	67	15.549	0.0	250.0	107.21	1723.7	0.00	0.000	-0.27
99.00	19494	0	17937	61	122.7	11.50	9.7	39.6	67	15.547	0.0	250.0	107.20	1723.7	0.00	0.000	-0.27
100.00	19623	0	17838	92	121.7	11.77	9.7	39.6	67	15.547	0.0	250.0	107.19	1723.7	0.00	0.000	-0.27
101.00	19524	0	17930	76	121.0	11.70	9.7	39.7	67	15.553	0.0	250.0	107.24	1723.7	0.00	0.000	-0.27
102.00	19601	0	17907	84	120.7	11.76	9.7	39.7	67	15.544	0.0	250.0	107.17	1723.7	0.00	0.000	-0.27
103.00	19570	0	17853	122	120.4	11.61	9.7	39.7	67	15.548	0.0	250.0	107.20	1723.7	0.00	0.000	-0.27
104.00	19395	0	17876	99	119.7	11.69	9.7	39.7	67	15.554	0.0	250.0	107.24	1723.7	0.00	0.000	-0.27
105.00	19517	0	17838	114	119.3	11.59	9.7	39.7	67	15.546	0.0	250.0	107.19	1723.7	0.00	0.000	-0.27
106.00	19753	0	17930	99	119.5	11.65	9.7	39.7	67	15.547	0.0	250.0	107.20	1723.7	0.00	0.000	-0.27
107.00	19662	0	17800	130	119.9	11.60	9.7	39.7	67	15.546	0.0	250.0	107.18	1723.7	0.00	0.000	-0.27
108.00	19822	0	17846	84	120.7	11.73	9.7	39.7	67	15.546	0.0	250.0	107.19	1723.7	0.00	0.000	-0.27
109.00	19570	0	17891	99	121.5	11.72	9.7	39.6	67	15.549	0.0	250.0	107.21	1723.7	0.00	0.000	-0.27
110.00	19578	0	17808	76	122.7	11.71	9.7	39.7	67	15.549	0.0	250.0	107.20	1723.7	0.00	0.000	-0.27
111.00	19715	0	17785	53	124.2	11.49	9.7	39.7	67	15.549	0.0	250.0	107.21	1723.7	0.00	0.000	-0.27
112.00	19425	0	17769	114	125.6	11.81	9.7	39.6	67	15.550	0.0	250.0	107.21	1723.7	0.00	0.000	-0.27
113.00	19639	0	17785	61	126.7	11.63	9.7	39.7	67	15.553	0.0	250.0	107.23	1723.7	0.00	0.000	-0.27
114.00	19616	0	17747	114	128.0	11.60	9.7	39.6	67	15.545	0.0	250.0	107.18	1723.7	0.00	0.000	-0.27
115.00	19623	0	17708	92	128.4	11.57	9.7	39.6	67	15.552	0.0	250.0	107.23	1723.7	0.00	0.000	-0.27
116.00	19822	0	17678	168	129.1	11.80	9.7	39.6	67	15.550	0.0	250.0	107.21	1723.7	0.00	0.000	-0.27
117.00	19768	0	17647	107	130.2	11.85	9.7	39.6	67	15.550	0.0	250.0	107.21	1723.7	0.00	0.000	-0.27
118.00	19784	0	17716	92	130.5	11.86	9.7	39.6	67	15.549	0.0	250.0	107.21	1723.7	0.00	0.000	-0.27
119.00	19692	0	17693	92	130.5	11.66	9.7	39.6	67	15.552	0.0	250.0	107.23	1723.7	0.00	0.000	-0.27
120.00	19837	0	17716	130	130.7	11.76	9.7	39.6	67	15.551	0.0	250.0	107.22	1723.7	0.00	0.000	-0.27
121.00	19799	0	17678	69	130.8	11.63	9.7	39.6	67	15.550	0.0	250.0	107.21	1723.7	0.00	0.000	-0.27
122.00	19913	0	17624	114	130.8	11.72	9.7	39.6	67	15.548	0.0	250.0	107.20	1723.7	0.00	0.000	-0.27
123.00	20074	0	17510	69	130.6	11.64	9.7	39.6	67	15.548	0.0	250.0	107.20	1723.7	0.00	0.000	-0.27
124.00	19745	0	17586	145	130.1	11.78	9.7	39.7	67	15.550	0.0	250.0	107.22	1723.7	0.00	0.000	-0.27
125.00	19761	0	17624	76	129.7	11.87	9.7	39.7	67	15.553	0.0	250.0	107.23	1723.7	0.00	0.000	-0.27
126.00	19875	0	17594	76	129.5	11.60	9.7	39.6	67	15.548	0.0	250.0	107.20	1723.7	0.00	0.000	-0.27
127.00	19822	0	17563	92	129.1	11.73	9.7	39.6	67	15.551	0.0	250.0	107.22	1723.7	0.00	0.000	-0.27
128.00	19875	0	17556	122	128.5	11.68	9.7	39.7	67	15.550	0.0	250.0	107.22	1723.7	0.00	0.000	-0.27
129.00	19852	0	17655	61	127.8	11.84	9.7	39.7	67	15.552	0.0	250.0	107.23	1723.7	0.00	0.000	-0.27
130.00	19684	0	17510	84	127.5	11.60	9.7	39.7	67	15.550	0.0	250.0	107.22	1723.7	0.00	0.000	-0.27
131.00	19791	0	17502	107	127.3	11.70	9.7	39.7	67	15.550	0.0	250.0	107.22	1723.7	0.00	0.000	-0.27
132.00	19692	0	17487	84	126.6	11.71	9.7	39.7	67	15.553	0.0	250.0	107.23	1723.7	0.00	0.000	-0.27
133.00	19837	0	17426	69	125.8	11.89	9.7	39.7	67	15.553	0.0	250.0	107.23	1723.7	0.00	0.000	-0.27
134.00	19822	0	17441	107	125.4	11.61	9.7	39.7	67	15.552	0.0	250.0	107.23	1723.7	0.00	0.000	-0.27
135.00	19875	0	17418	99	125.1	11.50	9.7	39.7	67	15.552	0.0	250.0	107.23	1723.7	0.00	0.000	-0.27
136.00	19936	0	17388	130	124.7	11.50	9.7	39.7	67	15.548	0.0	250.0	107.20	1723.7	0.00	0.000	-0.27
137.00	20013	0	17365	76	123.8	11.73	9.7	39.7	67	15.550	0.0	250.0	107.22	1723.7	0.00	0.000	-0.27
138.00	20020	0	17281	99	123.6	11.80	9.7	39.7	67	15.553	0.0	250.0	107.23	1723.7	0.00	0.000	-0.27
139.00	19829	0	17312	76	123.1	11.89	9.7	39.7	67	15.551	0.0	250.0	107.22	1723.7	0.00	0.000	-0.27
140.00	19929	0	17388	107	122.3	11.77	9.7	39.7	67	15.550	0.0	250.0	107.21	1723.7	0.00	0.000	-0.27
141.00	19982	0	17426	145	121.8	11.89	9.7	39.7	67	15.552	0.0	250.0	107.23	1723.7	0.00	0.000	-0.27
142.00	20074	0	17228	137	121.2	11.61	9.7	39.7	67	15.549	0.0	250.0	107.21	1723.7	0.00	0.000	-0.27
143.00	20135	0	17273	107	120.9	11.61	9.7	39.7	67	15.552	0.0	250.0	107.23	1723.7	0.00	0.000	-0.27
144.00	19890	0	17205	99	120.6	11.78	9.7	39.7	67	15.550	0.0	250.0	107.21	1723.7	0.00	0.000	-0.27
145.00	19997	0	17235	137	119.8	11.89	9.7	39.7	67	15.553	0.0	250.0	107.23	1723.7	0.00	0.000	-0.27
146.00	19997	0	17251	107	119.6	11.64	9.7	39.7	67	15.554	0.0	250.0	107.24	1723.7	0.00	0.000	-0.27
147.00	19799	0	17182	69	119.4	11.66	9.7	39.7	67	15.554	0.0	250.0	107.24	1723.7	0.00	0.000	-0.27
148.00	20089	0	17098	145	119.4	11.86	9.7	39.7	67	15.549	0.0	250.0	107.21	1723.7	0.00	0.000	-0.27
149.00	19990	0	17167	107	119.8	11.59	9.7	39.7	67	15.555	0.0	250.0	107.25	1723.7	0.00	0.000	-0.27
150.00	20058	0	17067	107	120.7	11.71	9.7	39.7	67	15.551	0.0	250.0	107.22	1723.7	0.00	0.000	-0.27
151.00	19837	0	17167	76	121.8	11.67	9.7	39.7	67	15.550	0.0	250.0	107.21	1723.7	0.00	0.000	-0.27
152.00	20112	0	17212	122	123.3	11.73	9.7	39.7	67	15.553	0.0	250.0	107.23	1723.7	0.00	0.000	-0.27
153.00	19974	0	17205	84	124.7	11.70	9.7	39.7	67	15.549	0.0	250.0	107.20	1723.7	0.00	0.000	-0.27
154.00	19768	0	17228	145	126.1	11.79	9.7	39.7	67	15.552	0.0	250.0	107.23	1723.7	0.00	0.000	-0.27
155.00	20104	0	17121	76	127.5	11.61	9.7	39.7	67	15.549	0.0	250.0	107.21	1723.7	0.00	0.000	-0.27
156.00	19883	0	17159	76	128.7	11.67	9.7	39.7	67	15.552	0.0	250.0	107.23	1723.7	0.00	0.000	-0.27
157.00	20005	0	17106	107	129.7	11.61	9.7	39.7	67	15.554	0.0	250.0	107.24	1723.7	0.00	0.000	-0.27
158.00	20058	0	17090	114	130.6	11.53	9.7	39.7	67	15.551	0.0	250.0	107.22	1723.7	0.00	0.000	-0.27
159.00	19814	0	17121	107	130.8	11.85	9.7	39.7	67	15.553	0.0	250.0	107.23	1723.7	0.00	0.000	-0.27
160.00	19974	0	17136	61	131.2	11.78	9.7	39.7	67	15.552	0.0	250.0	107.23	1723.7	0.00	0.000	-0.27
161.00	19936	0	17129	69	131.6	11.76	9.7	39.7	67	15.552	0.0	250.0	107.23	1723.7	0.00	0.000	-0.27
162.00	19936	0	17113	92	131.6	11.54	9.7	39.7	67	15.551	0.0	250.0	107.22	1723.7	0.00	0.000	-0.27
163.00	20104	0	17167	84	131.8	11.72	9.7	39.7	67	15.551	0.0	250.0	107.22	1723.7	0.00	0.000	-0.27
164.00	20112	0	17121	99	131.8	11.75	9.7	39.7	67	15.553	0.0	250.0	107.24	1723.7	0.00	0.000	-0.27
165.00	20112	0	17083	99	131.7	11.72	9.7	39.7	67	15.549	0.0	250.0	107.21	1723.7	0.00	0.000	-0.27
166.00	19868	0	17121	122	131.3	11.61	9.7	39.7	67	15.552	0.0	250.0	107.23	1723.7	0.00	0.000	-0.27
167.00	19921	0	17167	107	130.0	11.67	9.7	39.7	67	15.545	0.0	250.0	107.18	1723.7	0.00	0.000	-0.27
168.00	19890	0	17251	46	128.9	11.69	9.7	39.7	67	15.546	0.0	250.0	107.19	1723.7	0.00	0.000	-0.27
169.00	19890	0	17121	31	127.6	11.65	9.7	39.7	67	15.549	0.0	250.0	107.21	1723.7	0.00	0.000	-0.27
170.00	20325	0	17075	114	126.1	11.76	9.7	39.7	67	15.549	0.0	250.0	107.21	1723.7	0.00	0.000	-0.27
171.00	20295	0	17220	130	124.6	11.76	9.7	39.7	67	15.552	0.0	250.0	107.23	1723.7	0.00	0.000	-0.27
172.00	20295	0	17083	84	123.3	11.84	9.7	39.7	67	15.551	0.0	250.0	107.22	1723.7	0.00	0.000	-0.27
173.00	20203	0	17151	84	122.2	11.80	9.7	39.7	67	15.553	0.0	250.0	107.24	1723.7	0.00	0.000	-0.27
174.00	20142	0	17136	61	121.0	11.60	9.7	39.7	67	15.553	0.0	250.0	107.24	1723.7	0.00	0.000	-0.27
175.00	20241	0	17182	130	119.6	12.01	9.8	39.7	67	15.556	0.0	250.0	107.25	1723.7	0.00	0.000	-0.27
176.00	20104	0	17182	214	118.6	11.88	9.8	39.7	67	15.552	0.0	250.0	107.22	1723.7	0.00	0.000	-0.27
177.00	20257	0	17113	114	117.7	11.83	9.8	39.7	67	15.553	0.0	250.0	107.24	1723.7	0.00	0.000	-0.27
178.00	20180	0	17243	153	116.8	11.94	9.7	39.7	67	15.552	0.0	250.0	107.23	1723.7	0.00	0.000	-0.27
179.00	20043	0	17266	53	116.6	11.79	9.8	39.7	67	15.550	0.0	250.0	107.21	1723.7	0.00	0.000	-0.27
180.00	20203	0	17212	46	116.4	11.80	9.8	39.7	67	15.554	0.0	250.0	107.24	1723.7	0.00	0.000	-0.27
181.00	19959	0	17289	76	116.5	11.64	9.8	39.7	67	15.556	0.0	250.0	107.26	1723.7	0.00	0.000	-0.27
182.00	19959	0	17258	122	116.9	11.82	9.8	39.7	67	15.553	0.0	250.0	107.23	1723.7	0.00	0.000	-0.27
183.00	20051	0	17312	130	118.0	11.69	9.8	39.7	67	15.552	0.0	250.0	107.23	1723.7	0.00	0.000	-0.27
184.00	20188	0	17251	183	118.2	11.66	9.8	39.7	67	15.555	0.0	250.0	107.25	1723.7	0.00	0.000	-0.27
185.00	20409	0	17281	191	119.0	11.60	9.8	39.7	67	15.550	0.0	250.0	107.21	1723.7	0.00	0.000	-0.27
186.00	20234	0	17296	107	121.0	11.64	9.8	39.7	67	15.553	0.0	250.0	107.24	1723.7	0.00	0.000	-0.27
187.00	20074	0	17342	84	122.6	11.71	9.8	39.7	67	15.555	0.0	250.0	107.25	1723.7	0.00	0.000	-0.27
188.00	20157	0	17296	99	124.0	11.60	9.8	39.7	67	15.553	0.0	250.0	107.23	1723.7	0.00	0.000	-0.27
189.00	20096	0	17342	69	125.2	11.78	9.8	39.7	67	15.552	0.0	250.0	107.22	1723.7	0.00	0.000	-0.27
190.00	20112	0	17335	130	126.1	11.67	9.8	39.7	67	15.552	0.0	250.0	107.23	1723.7	0.00	0.000	-0.27
191.00	20142	0	17396	122	126.7	11.91	9.8	39.7	67	15.551	0.0	250.0	107.22	1723.7	0.00	0.000	-0.27
192.00	20127	0	17411	69	126.7	11.57	9.8	39.7	67	15.555	0.0	250.0	107.24	1723.7	0.00	0.000	-0.27
193.00	20180	0	17426	92	126.8	11.63	9.8	39.7	67	15.554	0.0	250.0	107.24	1723.7	0.00	0.000	-0.27
194.00	20005	0	17495	122	126.8	11.69	9.8	39.7	67	15.552	0.0	250.0	107.22	1723.7	0.00	0.000	-0.27
195.00	20005	0	17464	84	126.7	11.78	9.8	39.7	67	15.554	0.0	250.0	107.24	1723.7	0.00	0.000	-0.27
196.00	19639	0	17541	122	126.4	11.61	9.8	39.7	67	15.552	0.0	250.0	107.23	1723.7	0.00	0.000	-0.27
197.00	19959	0	17449	92	125.4	11.53	9.8	39.7	67	15.553	0.0	250.0	107.23	1723.7	0.00	0.000	-0.27
198.00	19807	0	17556	84	124.7	11.73	9.8	39.7	67	15.550	0.0	250.0	107.22	1723.7	0.00	0.000	-0.27
199.00	19776	0	17632	38	124.1	11.79	9.8	39.7	67	15.549	0.0	250.0	107.21	1723.7	0.00	0.000	-0.27
200.00	19822	0	17594	38	122.7	11.84	9.8	39.7	67	15.550	0.0	250.0	107.21	1723.7	0.00	0.000	-0.27
201.00	19837	0	17594	84	122.2	11.84	9.8	39.7	67	15.552	0.0	250.0	107.23	1723.7	0.00	0.000	-0.27
202.00	19829	0	17632	107	121.7	11.70	9.8	39.7	67	15.551	0.0	250.0	107.22	1723.7	0.00	0.000	-0.27
203.00	19761	0	17617	76	120.4	11.66	9.8	39.7	67	15.549	0.0	250.0	107.21	1723.7	0.00	0.000	-0.27
204.00	19631	0	17632	84	119.6	11.64	9.8	39.7	67	15.553	0.0	250.0	107.23	1723.7	0.00	0.000	-0.27
205.00	19684	0	17747	92	119.2	11.65	9.8	39.7	67	15.551	0.0	250.0	107.22	1723.7	0.00	0.000	-0.27
206.00	19799	0	17731	122	118.4	11.80	9.8	39.7	67	15.555	0.0	250.0	107.25	1723.7	0.00	0.000	-0.27
207.00	19784	0	17739	53	117.7	11.70	9.8	39.7	67	15.548	0.0	250.0	107.20	1723.7	0.00	0.000	-0.27
208.00	19822	0	17769	84	117.7	11.92	9.8	39.7	67	15.551	0.0	250.0	107.22	1723.7	0.00	0.000	-0.27
209.00	19715	0	17739	107	117.6	11.78	9.8	39.7	67	15.548	0.0	250.0	107.20	1723.7	0.00	0.000	-0.27
210.00	19845	0	17632	69	117.7	11.78	9.8	39.7	67	15.551	0.0	250.0	107.22	1723.7	0.00	0.000	-0.27
211.00	19692	0	17808	84	118.3	11.87	9.8	39.7	67	15.557	0.0	250.0	107.26	1723.7	0.00	0.000	-0.27
212.00	19883	0	17838	92	119.8	11.68	9.8	39.7	67	15.552	0.0	250.0	107.23	1723.7	0.00	0.000	-0.27
213.00	19967	0	17785	76	120.9	11.82	9.8	39.7	67	15.550	0.0	250.0	107.21	1723.7	0.00	0.000	-0.27
214.00	19929	0	17838	8	122.1	11.63	9.8	39.7	67	15.547	0.0	250.0	107.20	1723.7	0.00	0.000	-0.27
215.00	19959	0	17838	38	123.0	11.71	9.8	39.7	67	15.547	0.0	250.0	107.19	1723.7	0.00	0.000	-0.27
216.00	19845	0	17823	69	124.0	11.61	9.8	39.7	67	15.545	0.0	250.0	107.18	1723.7	0.00	0.000	-0.27
217.00	19967	0	17823	137	124.8	11.77	9.8	39.7	67	15.550	0.0	250.0	107.21	1723.7	0.00	0.000	-0.27
218.00	19898	0	17830	69	125.0	11.83	9.8	39.7	67	15.546	0.0	250.0	107.18	1723.7	0.00	0.000	-0.27
219.00	19860	0	17808	122	125.3	11.60	9.8	39.6	67	15.545	0.0	250.0	107.18	1723.7	0.00	0.000	-0.27
220.00	20150	0	17884	76	125.5	11.59	9.8	39.6	67	15.547	0.0	250.0	107.19	1723.7	0.00	0.000	-0.27
221.00	19868	0	17914	92	125.7	11.80	9.8	39.6	67	15.548	0.0	250.0	107.20	1723.7	0.00	0.000	-0.27
222.00	20066	0	17869	114	125.8	11.77	9.8	39.7	67	15.547	0.0	250.0	107.19	1723.7	0.00	0.000	-0.27
223.00	19845	0	17846	114	125.9	11.74	9.8	39.6	67	15.548	0.0	250.0	107.20	1723.7	0.00	0.000	-0.27
224.00	19799	0	17960	92	125.9	11.68	9.8	39.6	67	15.548	0.0	250.0	107.20	1723.7	0.00	0.000	-0.27
225.00	19890	0	18075	107	125.8	11.49	9.8	39.6	67	15.547	0.0	250.0	107.20	1723.7	0.00	0.000	-0.27
226.00	19890	0	18067	69	125.8	11.59	9.8	39.6	67	15.546	0.0	250.0	107.19	1723.7	0.00	0.000	-0.27
227.00	19913	0	17953	69	125.9	11.68	9.8	39.6	67	15.548	0.0	250.0	107.20	1723.7	0.00	0.000	-0.27
228.00	19700	0	17975	76	125.7	11.77	9.8	39.6	67	15.548	0.0	250.0	107.20	1723.7	0.00	0.000	-0.27
229.00	19852	0	18052	122	125.5	11.71	9.8	39.6	68	15.548	0.0	250.0	107.20	1723.7	0.00	0.000	-0.27
230.00	19990	0	18021	53	125.3	11.60	9.8	39.6	68	15.545	0.0	250.0	107.18	1723.7	0.00	0.000	-0.27
231.00	19768	0	18021	84	125.1	11.99	9.8	39.7	68	15.547	0.0	250.0	107.20	1723.7	0.00	0.000	-0.27
232.00	19913	0	18029	92	124.6	11.77	9.8	39.6	68	15.547	0.0	250.0	107.19	1723.7	0.00	0.000	-0.27
233.00	19951	0	18075	76	124.1	11.44	9.8	39.6	68	15.547	0.0	250.0	107.19	1723.7	0.00	0.000	-0.27
234.00	20035	0	18113	69	123.9	11.71	9.8	39.7	68	15.549	0.0	250.0	107.20	1723.7	0.00	0.000	-0.27
235.00	19959	0	18097	114	123.5	11.71	9.8	39.7	68	15.552	0.0	250.0	107.23	1723.7	0.00	0.000	-0.27
236.00	19936	0	18014	99	123.0	11.85	9.8	39.7	68	15.550	0.0	250.0	107.22	1723.7	0.00	0.000	-0.27
237.00	19944	0	18059	69	122.7	11.88	9.8	39.7	68	15.549	0.0	250.0	107.21	1723.7	0.00	0.000	-0.27
238.00	19822	0	18082	84	122.1	11.52	9.8	39.7	68	15.548	0.0	250.0	107.20	1723.7	0.00	0.000	-0.27
239.00	19936	0	18090	99	121.7	11.72	9.8	39.7	68	15.547	0.0	250.0	107.19	1723.7	0.00	0.000	-0.27
240.00	20081	0	18128	99	121.4	11.80	9.8	39.7	68	15.551	0.0	250.0	107.22	1723.7	0.00	0.000	-0.27
241.00	20379	0	18113	107	120.8	11.80	9.8	39.7	68	15.547	0.0	250.0	107.19	1723.7	0.00	0.000	-0.27
242.00	20363	0	17998	99	119.9	11.82	9.8	39.7	68	15.550	0.0	250.0	107.21	1723.7	0.00	0.000	-0.27
243.00	20074	0	18090	76	119.8	11.75	9.8	39.7	68	15.523	0.0	250.0	107.03	1723.7	0.00	0.000	-0.27
244.00	20180	0	18014	53	119.4	11.53	9.8	39.7	68	15.458	0.0	250.0	106.58	1723.7	0.00	0.000	-0.27
245.00	20142	0	18151	84	119.2	11.43	9.8	39.7	68	15.485	0.0	250.0	106.76	1723.7	0.00	0.000	-0.27
246.00	20173	0	18029	145	119.2	11.83	9.8	39.7	68	15.478	0.0	250.0	106.72	1723.7	0.00	0.000	-0.27
247.00	20241	0	18067	46	119.4	11.74	9.8	39.7	68	15.479	0.0	250.0	106.72	1723.7	0.00	0.000	-0.27
248.00	20211	0	18143	99	120.3	11.55	9.8	39.7	68	15.479	0.0	250.0	106.72	1723.7	0.00	0.000	-0.27
249.00	20470	0	18372	69	121.6	11.80	9.8	39.7	68	15.486	0.0	250.0	106.77	1723.7	0.00	0.000	-0.27
250.00	20531	0	18365	130	122.7	11.85	9.8	39.7	68	15.478	0.0	250.0	106.72	1723.7	0.00	0.000	-0.27
251.00	20478	0	18464	84	124.0	12.05	9.8	39.7	68	15.472	0.0	250.0	106.68	1723.7	0.00	0.000	-0.27
252.00	20699	0	18624	99	125.6	11.89	9.8	39.7	68	15.464	0.0	250.0	106.62	1723.7	0.00	0.000	-0.27
253.00	20569	0	18830	69	127.0	11.77	9.8	39.7	68	15.505	0.0	250.0	106.90	1723.7	0.00	0.000	-0.27
254.00	20837	0	18822	69	128.3	11.85	9.8	39.7	68	15.489	0.0	250.0	106.79	1723.7	0.00	0.000	-0.27
255.00	21134	0	18906	53	129.1	11.65	9.8	39.8	68	15.480	0.0	250.0	106.73	1723.7	0.00	0.000	-0.27
256.00	21195	0	19150	107	129.7	11.58	9.8	39.8	68	15.501	0.0	250.0	106.87	1723.7	0.00	0.000	-0.27
257.00	21302	0	19204	99	130.1	11.79	9.8	39.8	68	15.509	0.0	250.0	106.93	1723.7	0.00	0.000	-0.27
258.00	21195	0	19425	69	130.6	11.71	9.8	39.8	68	15.523	0.0	250.0	107.03	1723.7	0.00	0.000	-0.27
259.00	21256	0	19448	69	131.1	11.79	9.8	39.8	68	15.534	0.0	250.0	107.10	1723.7	0.00	0.000	-0.27
260.00	21363	0	19646	130	131.2	11.87	9.8	39.8	68	15.559	0.0	250.0	107.27	1723.7	0.00	0.000	-0.27
261.00	21615	0	19768	92	131.3	11.79	9.8	39.8	68	15.571	0.0	250.0	107.36	1723.7	0.00	0.000	-0.27
262.00	21905	0	19936	92	131.2	11.74	9.8	39.8	68	15.572	0.0	250.0	107.37	1723.7	0.00	0.000	-0.27
263.00	21775	0	19951	122	131.1	11.75	9.8	39.8	68	15.579	0.0	250.0	107.41	1723.7	0.00	0.000	-0.27
264.00	22027	0	20219	84	131.0	11.71	9.8	39.8	68	15.585	0.0	250.0	107.46	1723.7	0.00	0.000	-0.27
265.00	22118	0	20348	145	130.7	11.72	9.8	39.8	68	15.596	0.0	250.0	107.53	1723.7	0.00	0.000	-0.27
266.00	22462	0	20554	92	130.0	11.83	9.8	39.8	68	15.595	0.0	250.0	107.52	1723.7	0.00	0.000	-0.27
267.00	22584	0	20837	99	129.7	11.73	9.8	39.8	68	15.599	0.0	250.0	107.55	1723.7	0.00	0.000	-0.27
268.00	22774	0	21111	69	129.5	11.69	9.8	39.8	68	15.597	0.0	250.0	107.54	1723.7	0.00	0.000	-0.27
269.00	23072	0	21355	92	128.7	11.63	9.8	39.7	68	15.599	0.0	250.0	107.55	1723.7	0.00	0.000	-0.27
270.00	23255	0	21584	69	128.2	11.78	9.8	39.8	68	15.604	0.0	250.0	107.58	1723.7	0.00	0.000	-0.27
271.00	23370	0	21775	76	127.9	11.74	9.8	39.8	68	15.602	0.0	250.0	107.57	1723.7	0.00	0.000	-0.27
272.00	23553	0	22080	122	127.3	11.71	9.8	39.8	68	15.594	0.0	250.0	107.52	1723.7	0.00	0.000	-0.27
273.00	23309	0	22187	61	126.4	11.71	9.8	39.7	68	15.592	0.0	250.0	107.50	1723.7	0.00	0.000	-0.27
274.00	23598	0	22256	153	126.0	11.74	9.8	39.8	68	15.596	0.0	250.0	107.53	1723.7	0.00	0.000	-0.27
275.00	23743	0	22347	130	125.9	11.53	9.8	39.7	68	15.592	0.0	250.0	107.50	1723.7	0.00	0.000	-0.27
276.00	23965	0	22446	153	125.5	11.67	9.8	39.8	68	15.589	0.0	250.0	107.48	1723.7	0.00	0.000	-0.27
277.00	24033	0	22408	84	124.5	11.62	9.8	39.8	68	15.592	0.0	250.0	107.50	1723.7	0.00	0.000	-0.27
278.00	24033	0	22607	99	124.2	11.74	9.8	39.8	68	15.594	0.0	250.0	107.51	1723.7	0.00	0.000	-0.27
279.00	24354	0	22645	69	123.8	11.71	9.8	39.8	68	15.590	0.0	250.0	107.49	1723.7	0.00	0.000	-0.27
280.00	24422	0	22790	84	123.0	11.76	9.8	39.8	68	15.590	0.0	250.0	107.49	1723.7	0.00	0.000	-0.27
281.00	24651	0	22904	76	122.5	11.65	9.8	39.8	67	15.593	0.0	250.0	107.51	1723.7	0.00	0.000	-0.27
282.00	24827	0	23041	84	122.1	11.82	9.8	39.8	67	15.593	0.0	250.0	107.51	1723.7	0.00	0.000	-0.27
283.00	25025	0	23057	76	121.6	11.77	9.8	39.8	67	15.595	0.0	250.0	107.52	1723.7	0.00	0.000	-0.27
284.00	25361	0	23217	130	121.3	11.73	9.8	39.8	67	15.590	0.0	250.0	107.49	1723.7	0.00	0.000	-0.27
285.00	25185	0	23225	76	120.7	11.81	9.8	39.8	67	15.592	0.0	250.0	107.51	1723.7	0.00	0.000	-0.27
286.00	25369	0	23316	53	120.1	11.61	9.8	39.8	67	15.595	0.0	250.0	107.52	1723.7	0.00	0.000	-0.27
287.00	25300	0	23362	92	119.9	11.67	9.8	39.8	67	15.593	0.0	250.0	107.51	1723.7	0.00	0.000	-0.27
288.00	25460	0	23431	137	119.6	11.67	9.8	39.8	67	15.590	0.0	250.0	107.49	1723.7	0.00	0.000	-0.27
289.00	25788	0	23293	46	119.1	11.72	9.8	39.8	67	15.587	0.0	250.0	107.47	1723.7	0.00	0.000	-0.27
290.00	25781	0	23270	168	119.0	11.75	9.8	39.7	67	15.593	0.0	250.0	107.51	1723.7	0.00	0.000	-0.27
291.00	25933	0	23431	84	119.3	11.67	9.8	39.7	67	15.594	0.0	250.0	107.52	1723.7	0.00	0.000	-0.27
292.00	26154	0	23553	107	119.9	11.79	9.8	39.8	67	15.593	0.0	250.0	107.51	1723.7	0.00	0.000	-0.27
293.00	26276	0	23743	114	121.2	11.59	9.8	39.8	67	15.597	0.0	250.0	107.54	1723.7	0.00	0.000	-0.27
294.00	26757	0	24049	122	122.4	11.83	9.8	39.8	67	15.596	0.0	250.0	107.53	1723.7	0.00	0.000	-0.27
295.00	27642	0	24575	114	124.1	11.69	9.8	39.8	67	15.590	0.0	250.0	107.49	1723.7	0.00	0.000	-0.27
296.00	29649	0	25857	122	125.5	11.64	9.8	39.8	67	15.596	0.0	250.0	107.53	1723.7	0.00	0.000	-0.27
297.00	31472	0	28222	130	126.8	11.48	9.8	39.7	67	15.593	0.0	250.0	107.51	1723.7	0.00	0.000	-0.27
298.00	33113	0	31114	122	128.1	11.87	9.8	39.8	67	15.587	0.0	250.0	107.47	1723.7	0.00	0.000	-0.27
299.00	34104	0	33441	84	129.1	11.67	9.8	39.7	67	15.595	0.0	250.0	107.52	1723.7	0.00	0.000	-0.27
300.00	34516	0	35104	99	130.1	11.97	9.8	39.7	67	15.597	0.0	250.0	107.54	1723.7	0.00	0.000	-0.27
301.00	34417	0	35760	99	130.7	11.80	9.8	39.7	67	15.592	0.0	250.0	107.50	1723.7	0.00	0.000	-0.27
302.00	34188	0	35775	99	131.2	11.70	9.8	39.8	67	15.590	0.0	250.0	107.49	1723.7	0.00	0.000	-0.27
303.00	33914	0	35524	99	131.5	11.65	9.8	39.7	67	15.589	0.0	250.0	107.48	1723.7	0.00	0.000	-0.27
304.00	34249	0	35127	76	131.5	11.80	9.8	39.7	67	15.590	0.0	250.0	107.49	1723.7	0.00	0.000	-0.27
305.00	34082	0	35226	122	131.7	11.78	9.8	39.7	67	15.588	0.0	250.0	107.48	1723.7	0.00	0.000	-0.27
306.00	34394	0	35379	76	131.7	11.77	9.8	39.8	67	15.594	0.0	250.0	107.52	1723.7	0.00	0.000	-0.27
307.00	33937	0	35279	122	131.6	11.80	9.8	39.8	67	15.589	0.0	250.0	107.49	1723.7	0.00	0.000	-0.27
308.00	33868	0	35012	69	131.4	11.81	9.8	39.7	67	15.589	0.0	250.0	107.48	1723.7	0.00	0.000	-0.27
309.00	33685	0	34631	84	131.0	11.49	9.8	39.7	67	15.588	0.0	250.0	107.48	1723.7	0.00	0.000	-0.27
310.00	33097	0	33853	61	130.9	11.74	9.8	39.7	67	15.590	0.0	250.0	107.49	1723.7	0.00	0.000	-0.27
311.00	32838	0	33120	76	130.7	11.61	9.8	39.7	67	15.590	0.0	250.0	107.49	1723.7	0.00	0.000	-0.27
312.00	32449	0	32235	46	130.3	11.58	9.8	39.7	67	15.594	0.0	250.0	107.52	1723.7	0.00	0.000	-0.27
313.00	32342	0	31228	69	129.4	11.91	9.8	39.7	67	15.594	0.0	250.0	107.52	1723.7	0.00	0.000	-0.27
314.00	32617	0	29984	130	129.0	11.61	9.8	39.7	67	15.582	0.0	250.0	107.44	1723.7	0.00	0.000	-0.27
315.00	33189	0	28977	69	128.9	11.64	9.8	39.7	67	15.586	0.0	250.0	107.46	1723.7	0.00	0.000	-0.27
316.00	34082	0	27879	92	128.3	11.74	9.8	39.7	67	15.589	0.0	250.0	107.48	1723.7	0.00	0.000	-0.27
317.00	34310	0	27017	99	127.4	11.62	9.8	39.7	67	15.586	0.0	250.0	107.46	1723.7	0.00	0.000	-0.27
318.00	34516	0	26307	92	127.2	11.77	9.8	39.8	67	15.597	0.0	250.0	107.53	1723.7	0.00	0.000	-0.27
319.00	34211	0	25819	53	126.8	11.63	9.8	39.7	67	15.591	0.0	250.0	107.49	1723.7	0.00	0.000	-0.27
320.00	33624	0	25346	99	126.0	11.83	9.8	39.8	67	15.591	0.0	250.0	107.49	1723.7	0.00	0.000	-0.27
321.00	33105	0	24705	76	125.6	11.65	9.8	39.7	67	15.576	0.0	250.0	107.39	1723.7	0.00	0.000	-0.27
322.00	32426	0	24285	114	125.3	11.72	9.8	39.7	67	15.590	0.0	250.0	107.49	1723.7	0.00	0.000	-0.27
323.00	32014	0	23766	53	124.5	11.60	9.8	39.8	67	15.588	0.0	250.0	107.47	1723.7	0.00	0.000	-0.27
324.00	31800	0	23446	69	124.0	11.60	9.8	39.8	67	15.589	0.0	250.0	107.48	1723.7	0.00	0.000	-0.27
325.00	31991	0	22919	107	123.7	11.68	9.8	39.8	67	15.584	0.0	250.0	107.45	1723.7	0.00	0.000	-0.27
326.00	32975	0	22492	84	123.3	11.73	9.8	39.7	67	15.584	0.0	250.0	107.45	1723.7	0.00	0.000	-0.27
327.00	34127	0	22088	53	122.5	11.72	9.8	39.8	67	15.587	0.0	250.0	107.47	1723.7	0.00	0.000	-0.27
328.00	36271	0	21714	69	122.1	11.67	9.8	39.8	67	15.578	0.0	250.0	107.41	1723.7	0.00	0.000	-0.27
329.00	38644	0	21516	92	121.8	11.80	9.8	39.8	67	15.569	0.0	250.0	107.34	1723.7	0.00	0.000	-0.27
330.00	41292	0	21172	92	121.3	11.78	9.8	39.8	67	15.582	0.0	250.0	107.44	1723.7	0.00	0.000	-0.27
331.00	43878	0	20936	61	120.8	11.50	9.8	39.7	67	15.594	0.0	250.0	107.52	1723.7	0.00	0.000	-0.27
332.00	45846	0	20867	69	120.5	11.67	9.8	39.8	67	15.586	0.0	250.0	107.46	1723.7	0.00	0.000	-0.27
333.00	47449	0	20669	114	120.2	11.70	9.8	39.8	67	15.576	0.0	250.0	107.39	1723.7	0.00	0.000	-0.27
334.00	48219	0	20600	84	119.6	11.58	9.8	39.7	67	15.577	0.0	250.0	107.40	1723.7	0.00	0.000	-0.27
335.00	48105	0	20409	107	119.6	11.59	9.8	39.7	67	15.582	0.0	250.0	107.44	1723.7	0.00	0.000	-0.27
336.00	47739	0	20432	69	119.5	11.65	9.8	39.7	67	15.578	0.0	250.0	107.41	1723.7	0.00	0.000	-0.27
337.00	46350	0	20272	84	119.9	11.82	9.8	39.7	67	15.579	0.0	250.0	107.41	1723.7	0.00	0.000	-0.27
338.00	45297	0	20165	76	120.7	11.76	9.8	39.7	67	15.571	0.0	250.0	107.36	1723.7	0.00	0.000	-0.27
339.00	43870	0	20081	61	122.1	11.70	9.8	39.7	67	15.570	0.0	250.0	107.35	1723.7	0.00	0.000	-0.27
340.00	42482	0	19921	76	123.4	11.86	9.8	39.7	67	15.579	0.0	250.0	107.41	1723.7	0.00	0.000	-0.27
341.00	41208	0	20020	114	125.0	11.80	9.8	39.7	67	15.581	0.0	250.0	107.43	1723.7	0.00	0.000	-0.27
342.00	39827	0	19944	99	126.4	11.62	9.8	39.7	67	15.563	0.0	250.0	107.31	1723.7	0.00	0.000	-0.27
343.00	38621	0	19822	99	127.8	11.84	9.8	39.7	67	15.576	0.0	250.0	107.39	1723.7	0.00	0.000	-0.27
344.00	37622	0	19837	84	128.9	11.54	9.8	39.7	67	15.597	0.0	250.0	107.54	1723.7	0.00	0.000	-0.27
345.00	36706	0	19868	69	130.1	11.72	9.8	39.7	67	15.594	0.0	250.0	107.52	1723.7	0.00	0.000	-0.27
346.00	36241	0	19738	61	130.4	11.85	9.8	39.7	67	15.578	0.0	250.0	107.41	1723.7	0.00	0.000	-0.27
347.00	35562	0	19791	130	130.6	11.75	9.8	39.7	67	15.577	0.0	250.0	107.40	1723.7	0.00	0.000	-0.27
348.00	35035	0	19730	160	131.3	11.67	9.8	39.7	67	15.569	0.0	250.0	107.35	1723.7	0.00	0.000	-0.27
349.00	34822	0	19730	99	131.9	11.90	9.8	39.7	67	15.573	0.0	250.0	107.37	1723.7	0.00	0.000	-0.27
350.00	34616	0	19807	92	131.9	11.72	9.8	39.7	67	15.575	0.0	250.0	107.39	1723.7	0.00	0.000	-0.27
351.00	34654	0	19738	69	131.8	11.84	9.8	39.7	67	15.586	0.0	250.0	107.46	1723.7	0.00	0.000	-0.27
352.00	34555	0	19837	107	131.8	11.62	9.8	39.7	67	15.577	0.0	250.0	107.40	1723.7	0.00	0.000	-0.27
353.00	34654	0	19776	84	131.7	11.78	9.8	39.7	67	15.571	0.0	250.0	107.36	1723.7	0.00	0.000	-0.27
354.00	34440	0	19776	76	131.4	11.86	9.8	39.7	67	15.579	0.0	250.0	107.41	1723.7	0.00	0.000	-0.27
355.00	34593	0	19776	61	131.3	11.52	9.8	39.7	67	15.575	0.0	250.0	107.39	1723.7	0.00	0.000	-0.27
356.00	34379	0	19700	53	131.1	11.48	9.8	39.7	67	15.581	0.0	250.0	107.43	1723.7	0.00	0.000	-0.27
357.00	34066	0	19700	69	130.4	11.69	9.8	39.7	67	15.575	0.0	250.0	107.39	1723.7	0.00	0.000	-0.27
358.00	33952	0	19677	99	129.8	11.81	9.8	39.7	67	15.579	0.0	250.0	107.41	1723.7	0.00	0.000	-0.27
359.00	33654	0	19623	92	129.5	11.57	9.8	39.7	67	15.578	0.0	250.0	107.41	1723.7	0.00	0.000	-0.27
360.00	33525	0	19654	92	129.2	11.66	9.8	39.7	67	15.580	0.0	250.0	107.42	1723.7	0.00	0.000	-0.27
361.00	33341	0	19662	114	128.8	11.84	9.8	39.7	67	15.569	0.0	250.0	107.35	1723.7	0.00	0.000	-0.27
362.00	32815	0	19616	114	128.3	11.76	9.8	39.7	67	15.582	0.0	250.0	107.43	1723.7	0.00	0.000	-0.27
363.00	32357	0	19593	107	127.7	11.75	9.8	39.7	67	15.574	0.0	250.0	107.38	1723.7	0.00	0.000	-0.27
364.00	31800	0	19623	84	127.5	11.83	9.8	39.7	67	15.578	0.0	250.0	107.41	1723.7	0.00	0.000	-0.27
365.00	31350	0	19654	130	126.8	11.80	9.8	39.7	67	15.575	0.0	250.0	107.39	1723.7	0.00	0.000	-0.27
366.00	31083	0	19669	107	126.3	11.78	9.8	39.7	67	15.580	0.0	250.0	107.42	1723.7	0.00	0.000	-0.27
367.00	30534	0	19608	84	126.1	11.75	9.8	39.8	67	15.582	0.0	250.0	107.43	1723.7	0.00	0.000	-0.27
368.00	30198	0	19555	92	125.6	11.68	9.8	39.7	67	15.578	0.0	250.0	107.41	1723.7	0.00	0.000	-0.27
369.00	29725	0	19509	99	124.7	11.63	9.8	39.7	67	15.579	0.0	250.0	107.41	1723.7	0.00	0.000	-0.27
370.00	29328	0	19471	122	124.4	11.70	9.8	39.7	67	15.580	0.0	250.0	107.42	1723.7	0.00	0.000	-0.27
371.00	28939	0	19532	84	124.1	11.70	9.8	39.8	67	15.578	0.0	250.0	107.41	1723.7	0.00	0.000	-0.27
372.00	28420	0	19517	99	123.6	11.59	9.8	39.8	67	15.580	0.0	250.0	107.42	1723.7	0.00	0.000	-0.27
373.00	28077	0	19448	99	123.0	11.62	9.8	39.7	67	15.579	0.0	250.0	107.41	1723.7	0.00	0.000	-0.27
374.00	27490	0	19395	92	122.6	11.69	9.8	39.7	67	15.576	0.0	250.0	107.39	1723.7	0.00	0.000	-0.27
375.00	27192	0	19395	107	122.2	11.73	9.8	39.8	67	15.579	0.0	250.0	107.41	1723.7	0.00	0.000	-0.27
376.00	26803	0	19326	38	121.5	11.79	9.8	39.7	67	15.579	0.0	250.0	107.41	1723.7	0.00	0.000	-0.27
377.00	26406	0	19326	76	121.3	11.53	9.8	39.8	67	15.578	0.0	250.0	107.40	1723.7	0.00	0.000	-0.27
378.00	26124	0	19288	84	121.0	11.73	9.8	39.8	67	15.575	0.0	250.0	107.39	1723.7	0.00	0.000	-0.27
379.00	25628	0	19265	92	120.6	11.72	9.8	39.8	67	15.574	0.0	250.0	107.38	1723.7	0.00	0.000	-0.27
380.00	25391	0	19196	99	120.1	11.87	9.8	39.8	67	15.578	0.0	250.0	107.40	1723.7	0.00	0.000	-0.27
381.00	25277	0	19189	114	119.7	11.92	9.8	39.8	67	15.581	0.0	250.0	107.42	1723.7	0.00	0.000	-0.27
382.00	25063	0	19196	99	119.6	11.85	9.8	39.8	67	15.579	0.0	250.0	107.41	1723.7	0.00	0.000	-0.27
383.00	24720	0	19189	92	119.6	11.64	9.8	39.8	67	15.576	0.0	250.0	107.39	1723.7	0.00	0.000	-0.27
384.00	24384	0	19196	84	119.7	11.67	9.8	39.8	67	15.580	0.0	250.0	107.42	1723.7	0.00	0.000	-0.27
385.00	24186	0	19082	76	120.2	11.69	9.8	39.8	67	15.580	0.0	250.0	107.42	1723.7	0.00	0.000	-0.27
386.00	23957	0	19135	46	121.7	11.74	9.8	39.7	67	15.571	0.0	250.0	107.36	1723.7	0.00	0.000	-0.27
387.00	23865	0	19097	46	123.2	11.64	9.8	39.8	67	15.577	0.0	250.0	107.40	1723.7	0.00	0.000	-0.27
388.00	23820	0	19021	99	124.5	11.72	9.8	39.8	67	15.580	0.0	250.0	107.42	1723.7	0.00	0.000	-0.27
389.00	23537	0	19074	99	125.9	11.51	9.8	39.8	67	15.584	0.0	250.0	107.45	1723.7	0.00	0.000	-0.27
390.00	23537	0	18983	84	127.4	11.69	9.8	39.7	67	15.578	0.0	250.0	107.41	1723.7	0.00	0.000	-0.27
391.00	23408	0	19074	69	128.9	11.63	9.8	39.7	67	15.577	0.0	250.0	107.40	1723.7	0.00	0.000	-0.27
392.00	23080	0	19036	69	129.7	11.82	9.8	39.7	67	15.578	0.0	250.0	107.41	1723.7	0.00	0.000	-0.27
393.00	23125	0	18990	107	130.1	11.62	9.8	39.7	67	15.579	0.0	250.0	107.41	1723.7	0.00	0.000	-0.27
394.00	23026	0	19166	61	130.8	11.89	9.8	39.7	67	15.578	0.0	250.0	107.41	1723.7	0.00	0.000	-0.27
395.00	22851	0	19097	84	131.8	11.51	9.8	39.7	67	15.579	0.0	250.0	107.41	1723.7	0.00	0.000	-0.27
396.00	22897	0	18952	99	132.0	12.00	9.8	39.7	67	15.579	0.0	250.0	107.42	1723.7	0.00	0.000	-0.27
397.00	22500	0	18960	84	132.1	11.77	9.8	39.7	67	15.579	0.0	250.0	107.41	1723.7	0.00	0.000	-0.27
398.00	22523	0	19028	92	132.2	11.68	9.8	39.7	67	15.580	0.0	250.0	107.42	1723.7	0.00	0.000	-0.27
399.00	22240	0	19044	61	132.3	11.54	9.8	39.7	67	15.577	0.0	250.0	107.40	1723.7	0.00	0.000	-0.27
400.00	22691	0	19112	137	132.2	11.87	9.8	39.7	67	15.580	0.0	250.0	107.42	1723.7	0.00	0.000	-0.27
401.00	59137	0	19150	38	131.9	11.74	9.8	39.7	67	15.579	0.0	250.0	107.41	1723.7	0.00	0.000	-0.27
402.00	142163	0	19692	53	131.4	11.83	9.8	39.7	67	15.581	0.0	250.0	107.42	1723.7	0.00	0.000	-0.27
403.00	168447	0	20302	69	131.4	11.84	9.8	39.7	67	15.577	0.0	250.0	107.40	1723.7	0.00	0.000	-0.27
404.00	182669	0	20600	99	131.3	11.72	9.8	39.8	67	15.579	0.0	250.0	107.41	1723.7	0.00	0.000	-0.27
405.00	181372	0	20722	46	130.8	11.69	9.8	39.7	67	15.577	0.0	250.0	107.40	1723.7	0.00	0.000	-0.27
406.00	149579	0	20760	84	130.1	11.76	9.8	39.8	67	15.576	0.0	250.0	107.39	1723.7	0.00	0.000	-0.27
407.00	79859	0	20600	114	129.8	11.60	9.8	39.7	67	15.580	0.0	250.0	107.42	1723.7	0.00	0.000	-0.27
408.00	44305	0	20066	99	129.5	11.75	9.8	39.7	67	15.579	0.0	250.0	107.42	1723.7	0.00	0.000	-0.27
409.00	34387	0	19837	107	128.9	11.56	9.8	39.8	67	15.577	0.0	250.0	107.40	1723.7	0.00	0.000	-0.27
410.00	30503	0	19639	107	128.6	11.83	9.8	39.8	67	15.576	0.0	250.0	107.39	1723.7	0.00	0.000	-0.27
411.00	28344	0	19570	114	128.2	11.59	9.8	39.7	67	15.578	0.0	250.0	107.41	1723.7	0.00	0.000	-0.27
412.00	26940	0	19486	122	127.4	11.91	9.8	39.8	67	15.579	0.0	250.0	107.42	1723.7	0.00	0.000	-0.27
413.00	25979	0	19356	84	126.9	11.68	9.8	39.7	67	15.578	0.0	250.0	107.41	1723.7	0.00	0.000	-0.27
414.00	25376	0	19288	69	126.6	11.77	9.8	39.8	67	15.575	0.0	250.0	107.39	1723.7	0.00	0.000	-0.27
415.00	25079	0	19311	114	126.3	11.85	9.8	39.8	67	15.579	0.0	250.0	107.42	1723.7	0.00	0.000	-0.27
416.00	24857	0	19280	145	125.8	11.72	9.8	39.8	67	15.577	0.0	250.0	107.40	1723.7	0.00	0.000	-0.27
417.00	24659	0	19295	69	125.2	11.64	9.8	39.8	67	15.578	0.0	250.0	107.41	1723.7	0.00	0.000	-0.27
418.00	24529	0	19227	130	124.4	11.70	9.8	39.8	67	15.578	0.0	250.0	107.40	1723.7	0.00	0.000	-0.27
419.00	24018	0	19234	99	124.1	11.62	9.8	39.8	67	15.575	0.0	250.0	107.38	1723.7	0.00	0.000	-0.27
420.00	24018	0	19166	99	123.9	11.70	9.8	39.7	67	15.578	0.0	250.0	107.41	1723.7	0.00	0.000	-0.27
421.00	23545	0	19227	99	123.4	11.74	9.8	39.8	67	15.576	0.0	250.0	107.39	1723.7	0.00	0.000	-0.27
422.00	23515	0	19272	76	122.7	11.76	9.8	39.8	67	15.575	0.0	250.0	107.39	1723.7	0.00	0.000	-0.27
423.00	23278	0	19250	61	122.5	11.64	9.8	39.8	67	15.575	0.0	250.0	107.38	1723.7	0.00	0.000	-0.27
424.00	23164	0	19120	99	122.2	11.73	9.8	39.8	67	15.575	0.0	250.0	107.39	1723.7	0.00	0.000	-0.27
425.00	23301	0	19112	84	121.6	11.64	9.8	39.8	67	15.574	0.0	250.0	107.38	1723.7	0.00	0.000	-0.27
426.00	22904	0	19158	99	121.2	11.82	9.8	39.8	67	15.577	0.0	250.0	107.40	1723.7	0.00	0.000	-0.27
427.00	22729	0	19112	114	121.0	11.94	9.8	39.8	67	15.573	0.0	250.0	107.37	1723.7	0.00	0.000	-0.27
428.00	22622	0	18998	84	120.5	11.76	9.8	39.8	67	15.572	0.0	250.0	107.37	1723.7	0.00	0.000	-0.27
429.00	22965	0	18998	153	120.0	11.30	9.8	39.8	67	15.572	0.0	250.0	107.36	1723.7	0.00	0.000	-0.27
