Time (sec)	Detector 1 (uV)	Detector 2 (uV)	Detector 3 (uV)	Detector 4 (uV)	Temperature (deg C)	EC (mS/m)	MIP Pressure (psi)	MIP Flow (mL/min)	MIP Pressure (kPa)	HPT Press. (psi)	HPT Flow (mL/min)	HPT Line Press. (psi)	HPT Press. (kPa)	HPT Line Press. (kPa)	Depth (ft)	Depth (m)	HPT Screen Depth (ft)
2218.00	364666	0	15267	31	115.8	1.24	12.3	58.3	85	28.994	146.8	250.0	199.91	1723.7	13.95	4.252	13.68
2219.00	174078	0	14908	53	115.2	1.26	12.3	58.2	85	29.031	146.7	250.0	200.16	1723.7	13.95	4.252	13.68
2220.00	107677	0	14748	23	114.9	1.25	12.4	58.2	85	29.064	148.0	250.0	200.39	1723.7	13.95	4.252	13.68
2221.00	78143	0	14618	38	114.5	1.23	12.4	58.1	85	29.095	147.6	250.0	200.61	1723.7	13.95	4.252	13.68
2222.00	64470	0	14824	84	114.4	1.26	12.4	58.1	86	29.115	146.7	250.0	200.74	1723.7	13.95	4.252	13.68
2223.00	59046	0	15603	31	114.8	1.11	12.4	58.1	86	29.121	147.3	250.0	200.78	1723.7	13.95	4.252	13.68
2224.00	54086	0	17449	46	115.3	1.03	12.5	58.1	86	29.140	147.7	250.0	200.91	1723.7	13.95	4.252	13.68
2225.00	51561	0	18105	69	115.4	1.34	12.5	58.1	86	29.120	147.0	250.0	200.78	1723.7	13.95	4.252	13.68
2226.00	59488	0	17670	38	115.8	1.10	12.5	58.1	86	28.950	148.0	250.0	199.60	1723.7	13.95	4.252	13.68
2227.00	117954	0	16984	38	116.7	1.25	12.6	58.1	87	27.255	148.6	250.0	187.92	1723.7	13.95	4.252	13.68
2228.00	189848	0	16045	31	117.8	1.48	12.6	58.1	87	25.641	149.9	250.0	176.79	1723.7	13.95	4.252	13.68
2229.00	212531	0	15328	61	118.6	1.92	12.6	58.1	87	22.540	148.2	250.0	155.41	1723.7	13.97	4.258	13.70
2230.00	197081	0	14893	38	119.2	1.41	12.6	58.1	87	21.481	148.6	250.0	148.10	1723.7	14.00	4.267	13.73
2231.00	164098	0	14733	69	119.5	1.22	12.7	58.2	87	20.713	149.6	250.0	142.81	1723.7	14.00	4.267	13.73
2232.00	129841	0	14634	8	120.0	1.27	12.7	58.2	88	20.967	149.5	250.0	144.56	1723.7	14.02	4.273	13.75
2233.00	101421	0	14451	69	120.9	1.51	12.7	58.2	88	20.772	149.3	250.0	143.22	1723.7	14.05	4.282	13.78
2234.00	80149	0	14412	0	121.2	1.40	12.7	58.3	88	21.043	148.6	250.0	145.08	1723.7	14.05	4.282	13.78
2235.00	66202	0	14595	15	121.8	1.01	12.8	58.3	88	20.809	147.8	250.0	143.47	1723.7	14.05	4.282	13.78
2236.00	56825	0	14840	31	122.8	1.57	12.8	58.3	88	19.741	147.0	250.0	136.11	1723.7	14.10	4.296	13.82
2237.00	49165	0	14878	15	123.0	1.19	12.8	58.4	88	19.833	146.9	250.0	136.74	1723.7	14.10	4.298	13.83
2238.00	43680	0	15053	31	123.4	1.22	12.8	58.6	88	20.228	147.3	250.0	139.46	1723.7	14.10	4.298	13.83
2239.00	33807	0	15046	76	124.0	0.93	12.8	58.8	89	19.899	146.9	250.0	137.20	1723.7	14.13	4.307	13.86
2240.00	28329	0	14992	15	123.9	0.89	12.8	59.0	89	19.799	147.6	250.0	136.51	1723.7	14.15	4.313	13.88
2241.00	26193	0	14985	15	123.7	0.88	12.8	59.1	89	19.740	147.5	250.0	136.10	1723.7	14.15	4.313	13.88
2242.00	25605	0	15152	31	122.9	0.60	12.8	59.3	88	19.730	147.6	250.0	136.04	1723.7	14.18	4.321	13.90
2243.00	26704	0	15397	23	121.6	0.73	12.8	59.4	88	19.652	147.9	250.0	135.49	1723.7	14.20	4.328	13.93
2244.00	26223	0	15503	8	120.1	0.38	12.8	59.4	88	19.741	148.1	250.0	136.11	1723.7	14.20	4.328	13.93
2245.00	24880	0	15763	31	118.4	0.32	12.8	59.5	88	19.692	149.3	250.0	135.77	1723.7	14.23	4.337	13.96
2246.00	23820	0	16099	61	116.8	0.18	12.8	59.5	88	19.696	147.3	250.0	135.80	1723.7	14.25	4.343	13.98
2247.00	23309	0	16228	15	115.4	0.13	12.8	59.5	88	19.765	147.3	250.0	136.27	1723.7	14.25	4.343	13.98
2248.00	22835	0	16327	69	114.4	0.00	12.7	59.5	88	19.865	148.3	250.0	136.96	1723.7	14.28	4.353	14.01
2249.00	22485	0	16518	8	113.9	0.00	12.7	59.5	88	20.153	147.8	250.0	138.95	1723.7	14.30	4.359	14.03
2250.00	22057	0	16648	23	113.1	0.00	12.7	59.5	88	20.402	147.7	250.0	140.67	1723.7	14.30	4.359	14.03
2251.00	22057	0	16884	8	112.5	0.13	12.7	59.5	87	20.710	148.4	250.0	142.79	1723.7	14.35	4.372	14.07
2252.00	21706	0	16961	46	112.5	0.07	12.7	59.5	87	21.448	147.8	250.0	147.88	1723.7	14.35	4.374	14.08
2253.00	21455	0	17296	53	112.4	0.07	12.6	59.5	87	22.028	147.6	250.0	151.87	1723.7	14.35	4.374	14.08
2254.00	21294	0	17373	31	112.4	0.00	12.6	59.4	87	21.772	147.4	250.0	150.11	1723.7	14.39	4.385	14.11
2255.00	21249	0	17472	46	112.5	0.00	12.6	59.4	87	21.945	147.2	250.0	151.31	1723.7	14.40	4.389	14.13
2256.00	21058	0	17472	23	112.9	0.00	12.6	59.4	87	22.411	147.8	250.0	154.52	1723.7	14.40	4.389	14.13
2257.00	20913	0	17449	38	113.4	0.01	12.6	59.4	87	22.442	147.9	250.0	154.73	1723.7	14.44	4.403	14.17
2258.00	20646	0	17747	31	113.7	0.03	12.6	59.4	87	22.544	149.4	250.0	155.44	1723.7	14.45	4.404	14.18
2259.00	20730	0	17922	8	114.0	0.11	12.6	59.4	87	22.785	148.0	250.0	157.10	1723.7	14.45	4.404	14.18
2260.00	20516	0	18021	15	114.5	0.03	12.6	59.3	87	23.234	146.8	250.0	160.20	1723.7	14.47	4.410	14.20
2261.00	20631	0	18029	61	115.4	0.12	12.5	59.3	86	23.928	146.9	250.0	164.98	1723.7	14.50	4.420	14.23
2262.00	20798	0	18036	15	115.6	0.20	12.5	59.3	86	24.552	146.4	250.0	169.28	1723.7	14.50	4.420	14.23
2263.00	20936	0	17983	38	115.8	0.38	12.5	59.3	86	24.049	147.1	250.0	165.81	1723.7	14.51	4.423	14.24
2264.00	21195	0	17747	8	116.5	0.33	12.5	59.3	86	25.089	146.7	250.0	172.98	1723.7	14.55	4.435	14.28
2265.00	21538	0	17655	61	117.4	0.61	12.5	59.2	86	26.543	146.4	250.0	183.01	1723.7	14.55	4.435	14.28
2266.00	21729	0	17380	53	117.5	0.51	12.5	59.2	86	27.144	144.7	250.0	187.15	1723.7	14.55	4.435	14.28
2267.00	21821	0	17075	53	117.8	0.54	12.5	59.2	86	25.784	146.7	250.0	177.77	1723.7	14.55	4.435	14.28
2268.00	21867	0	16854	31	118.6	0.68	12.5	59.2	86	26.031	149.7	250.0	179.48	1723.7	14.60	4.450	14.33
2269.00	21950	0	16594	31	118.9	0.82	12.5	59.2	86	27.001	146.2	250.0	186.16	1723.7	14.60	4.450	14.33
2270.00	22111	0	16327	15	119.3	0.67	12.5	59.2	86	26.637	146.8	250.0	183.66	1723.7	14.61	4.453	14.34
2271.00	22149	0	16160	61	120.0	0.81	12.4	59.2	86	25.646	147.0	250.0	176.82	1723.7	14.65	4.465	14.38
2272.00	22042	0	15999	46	120.6	0.91	12.4	59.1	86	26.961	148.3	250.0	185.89	1723.7	14.65	4.465	14.38
2273.00	22439	0	15854	61	121.0	0.74	12.4	59.1	86	29.207	144.2	250.0	201.37	1723.7	14.69	4.478	14.42
2274.00	22378	0	15740	38	121.0	0.46	12.4	59.1	86	30.955	142.4	250.0	213.43	1723.7	14.70	4.481	14.43

17351.00	27528	0	15465	38	124.0	4.65	12.8	58.3	88	38.786	168.0	250.0	267.42	1723.7	89.75	27.356	89.48
17352.00	26864	0	15671	38	123.6	4.76	12.8	58.3	88	38.815	172.5	250.0	267.62	1723.7	89.75	27.356	89.48
17353.00	26170	0	15732	15	122.7	4.69	12.7	58.3	88	38.815	172.8	250.0	267.62	1723.7	89.75	27.356	89.48
17354.00	25903	0	15931	76	121.3	4.73	12.7	58.2	88	38.787	92.2	250.0	267.43	1723.7	89.75	27.356	89.48
17355.00	26147	0	15976	38	120.3	4.68	12.7	58.3	88	38.550	10.8	250.0	265.80	1723.7	89.75	27.356	89.48
17356.00	26711	0	15786	69	119.1	4.66	12.7	58.2	87	38.354	0.0	250.0	264.44	1723.7	89.75	27.356	89.48
17357.00	26994	0	15641	61	118.1	4.80	12.7	58.2	87	38.157	0.0	250.0	263.08	1723.7	89.75	27.356	89.48
17358.00	27161	0	15473	61	117.6	4.64	12.7	58.2	87	38.016	0.0	250.0	262.11	1723.7	89.75	27.356	89.48
17359.00	27497	0	15252	23	116.8	4.63	12.6	58.2	87	37.920	0.0	250.0	261.45	1723.7	89.75	27.356	89.48
17360.00	27764	0	14985	38	116.4	4.66	12.6	58.2	87	37.836	0.0	250.0	260.87	1723.7	89.75	27.356	89.48
17361.00	27902	0	14801	53	116.4	4.68	12.6	58.1	87	37.781	0.0	250.0	260.49	1723.7	89.75	27.356	89.48
17362.00	27879	0	14550	31	116.5	4.63	12.6	58.1	87	37.761	0.0	250.0	260.35	1723.7	89.75	27.356	89.48
17363.00	28024	0	14443	46	116.6	4.64	12.6	58.1	87	37.738	0.0	250.0	260.19	1723.7	89.75	27.356	89.48
17364.00	28054	0	14237	92	117.1	4.71	12.6	58.1	87	37.736	0.0	250.0	260.18	1723.7	89.75	27.356	89.48
17365.00	28191	0	14161	53	118.4	4.68	12.6	58.1	87	37.743	0.0	250.0	260.23	1723.7	89.75	27.356	89.48
17366.00	28199	0	14046	46	119.3	4.67	12.5	58.0	87	37.716	0.0	250.0	260.04	1723.7	89.75	27.356	89.48
17367.00	27993	0	13947	38	120.3	4.62	12.5	58.0	86	37.665	0.0	250.0	259.69	1723.7	89.75	27.356	89.48
17368.00	27673	0	13848	61	121.1	4.63	12.5	58.0	86	37.679	0.0	250.0	259.79	1723.7	89.75	27.356	89.48
17369.00	27848	0	13718	61	122.2	4.62	12.5	58.0	86	37.694	0.0	250.0	259.89	1723.7	89.75	27.356	89.48
17370.00	27940	0	13665	53	123.3	4.61	12.5	58.0	86	37.738	0.0	250.0	260.19	1723.7	89.75	27.356	89.48
17371.00	27734	0	13573	61	123.6	4.66	12.5	58.0	86	37.725	0.0	250.0	260.10	1723.7	89.75	27.356	89.48
17372.00	27902	0	13344	92	124.4	4.66	12.5	58.0	86	37.688	0.0	250.0	259.85	1723.7	89.75	27.356	89.48
17373.00	27726	0	13298	76	125.3	4.69	12.5	57.9	86	37.629	0.0	250.0	259.45	1723.7	89.75	27.356	89.48
17374.00	27841	0	13276	38	125.5	4.66	12.5	57.9	86	37.583	0.0	250.0	259.12	1723.7	89.75	27.356	89.48
17375.00	27688	0	13245	53	125.7	4.65	12.5	57.9	86	37.532	0.0	250.0	258.77	1723.7	89.75	27.356	89.48
17376.00	27558	0	13169	61	125.7	4.69	12.5	57.9	86	37.475	0.0	250.0	258.38	1723.7	89.75	27.356	89.48
17377.00	27718	0	13092	23	125.5	4.58	12.5	57.9	86	37.413	0.0	250.0	257.95	1723.7	89.75	27.356	89.48
17378.00	27596	0	13115	23	124.9	4.74	12.5	57.9	86	37.349	0.0	250.0	257.51	1723.7	89.75	27.356	89.48
17379.00	27337	0	13054	69	124.1	4.68	12.4	57.9	86	37.282	0.0	250.0	257.05	1723.7	89.75	27.356	89.48
17380.00	27360	0	12993	31	123.2	4.65	12.4	57.9	86	37.212	0.0	250.0	256.57	1723.7	89.75	27.356	89.48
17381.00	27200	0	13024	23	122.3	4.71	12.4	57.9	86	37.147	0.0	250.0	256.12	1723.7	89.75	27.356	89.48
17382.00	27078	0	12886	46	121.2	4.72	12.4	57.9	86	37.086	0.0	250.0	255.70	1723.7	89.75	27.356	89.48
17383.00	26978	0	12871	38	120.4	4.56	12.4	57.9	86	37.037	0.0	250.0	255.36	1723.7	89.75	27.356	89.48
17384.00	27032	0	12909	69	119.5	4.76	12.4	57.8	86	37.003	0.0	250.0	255.13	1723.7	89.75	27.356	89.48
17385.00	27146	0	12749	46	118.5	4.67	12.4	57.9	86	36.960	0.0	250.0	254.83	1723.7	89.75	27.356	89.48
17386.00	26963	0	12688	61	118.0	4.59	12.4	57.9	86	36.938	0.0	250.0	254.68	1723.7	89.75	27.356	89.48
17387.00	27093	0	12635	31	117.6	4.71	12.4	57.8	86	36.921	0.0	250.0	254.56	1723.7	89.75	27.356	89.48
17388.00	26849	0	12680	53	116.9	4.65	12.4	57.8	85	36.922	0.0	250.0	254.57	1723.7	89.75	27.356	89.48
17389.00	26780	0	12581	15	116.8	4.66	12.4	57.8	85	36.955	0.0	250.0	254.79	1723.7	89.75	27.356	89.48
17390.00	26833	0	12589	38	116.9	4.78	12.4	57.8	85	37.002	0.0	250.0	255.12	1723.7	89.75	27.356	89.48
17391.00	26727	0	12543	99	117.2	4.64	12.4	57.8	85	36.866	0.0	250.0	254.18	1723.7	89.75	27.356	89.48
17392.00	26643	0	12543	38	118.1	4.66	12.4	57.8	85	36.745	0.0	250.0	253.35	1723.7	89.75	27.356	89.48
17393.00	26582	0	12490	114	118.9	4.57	12.4	57.8	85	36.677	0.0	250.0	252.88	1723.7	89.75	27.356	89.48
17394.00	26536	0	12429	31	119.9	4.51	12.4	57.8	85	36.625	0.0	250.0	252.52	1723.7	89.75	27.356	89.48
17395.00	26574	0	12345	76	120.8	4.60	12.4	57.8	85	36.749	0.0	250.0	253.38	1723.7	89.75	27.356	89.48
17396.00	26711	0	12307	23	121.9	4.69	12.4	57.8	85	36.803	0.0	250.0	253.75	1723.7	89.75	27.356	89.48
17397.00	26482	0	12314	8	122.5	4.69	12.4	57.8	85	36.777	0.0	250.0	253.57	1723.7	89.75	27.356	89.48
17398.00	26536	0	12421	69	123.1	4.58	12.4	57.7	85	36.735	0.0	250.0	253.28	1723.7	89.75	27.356	89.48
17399.00	26620	0	12406	38	124.4	4.53	12.4	57.7	85	36.666	0.0	250.0	252.80	1723.7	89.75	27.356	89.48
17400.00	26589	0	12322	69	125.7	4.73	12.4	57.8	85	36.606	0.0	250.0	252.39	1723.7	89.75	27.356	89.48
17401.00	26490	0	12322	38	125.9	4.67	12.4	57.8	85	36.563	0.0	250.0	252.09	1723.7	89.75	27.356	89.48
17402.00	26269	0	12276	61	126.0	4.66	12.4	57.8	85	36.502	0.0	250.0	251.67	1723.7	89.75	27.356	89.48
17403.00	26429	0	12215	46	126.1	4.69	12.4	57.8	85	36.444	0.0	250.0	251.27	1723.7	89.75	27.356	89.48
17404.00	26185	0	12162	99	126.0	4.69	12.4	57.7	85	36.381	0.0	250.0	250.84	1723.7	89.75	27.356	89.48
17405.00	25994	0	12261	38	125.7	4.74	12.4	57.8	85	36.329	0.0	250.0	250.48	1723.7	89.75	27.356	89.48
17406.00	26070	0	12192	76	125.2	4.69	12.4	57.8	85	36.271	0.0	250.0	250.08	1723.7	89.75	27.356	89.48
17407.00	25956	0	12146	23	124.2	4.61	12.3	57.8	85	36.217	0.0	250.0	249.71	1723.7	89.75	27.356	89.48
17408.00	26025	0	12139	69	123.7	4.76	12.3	57.8	85	36.186	0.0	250.0	249.49	1723.7	89.75	27.356	89.48
17409.00	25994	0	12238	31	123.1	4.66	12.3	57.7	85	36.141	0.0	250.0	249.18	1723.7	89.75	27.356	89.48
17410.00	25857	0	12223	38	121.7	4.65	12.3	57.8	85	36.106	0.0	250.0	248.94	1723.7	89.75	27.356	89.48
17411.00	25620	0	12101	46	120.5	4.69	12.3	57.8	85	36.068	0.0	250.0	248.68	1723.7	89.75	27.356	89.48
17412.00	25658	0	12070	84	120.0	4.54	12.3	57.7	85	36.024	0.0	250.0	248.38	1723.7	89.75	27.356	89.48
17413.00	25513	0	12085	53	119.4	4.77	12.3	57.7	85	35.986	0.0	250.0	248.12	1723.7	89.75	27.356	89.48
17414.00	25338	0	12040	31	118.0	4.74	12.3	57.7	85	35.943	0.0	250.0	247.82	1723.7	89.75	27.356	89.48
17415.00	25430	0	12024	46	117.6	4.58	12.3	57.7	85	35.905	0.0	250.0	247.56	1723.7	89.75	27.356	89.48
17416.00	25330	0	12040	0	117.3	4.61	12.3	57.7	85	35.881	0.0	250.0	247.39	1723.7	89.75	27.356	89.48
17417.00	25445	0	11917	61	117.2	4.56	12.3	57.7	85	35.836	0.0	250.0	247.08	1723.7	89.75	27.356	89.48
17418.00	25391	0	11979	23	117.3	4.72	12.3	57.7	85	35.802	0.0	250.0	246.85	1723.7	89.75	27.356	89.48
17419.00	25353	0	12009	61	117.5	4.73	12.3	57.7	85	35.764	0.0	250.0	246.58	1723.7	89.75	27.356	89.48
17420.00	25353	0	11979	15	118.2	4.72	12.3	57.7	85	35.737	0.0	250.0	246.40	1723.7	89.75	27.356	89.48
17421.00	25452	0	11925	31	119.3	4.66	12.3	57.7	85	35.691	0.0	250.0	246.08	1723.7	89.75	27.356	89.48
17422.00	25300	0	11994	38	120.1	4.71	12.3	57.7	85	35.647	0.0	250.0	245.78	1723.7	89.75	27.356	89.48
17423.00	25300	0	11902	53	121.1	4.70	12.3	57.7	85	35.619	0.0	250.0	245.58	1723.7	89.75	27.356	89.48
17424.00	25277	0	11895	46	122.1	4.61	12.3	57.7	85	35.589	0.0	250.0	245.38	1723.7	89.75	27.356	89.48
17425.00	25338	0	11917	69	123.2	4.65	12.3	57.7	85	35.549	0.0	250.0	245.10	1723.7	89.75	27.356	89.48
17426.00	25315	0	11940	61	124.1	4.75	12.3	57.7	85	35.505	0.0	250.0	244.80	1723.7	89.75	27.356	89.48
17427.00	25193	0	11826	38	124.6	4.68	12.3	57.7	85	35.461	0.0	250.0	244.50	1723.7	89.75	27.356	89.48
17428.00	25307	0	11856	61	125.2	4.63	12.3	57.7	85	35.425	0.0	250.0	244.25	1723.7	89.75	27.356	89.48
17429.00	25231	0	11849	15	126.3	4.55	12.3	57.7	85	35.383	0.0	250.0	243.96	1723.7	89.75	27.356	89.48
17430.00	25285	0	11811	84	126.5	4.68	12.3	57.7	85	35.344	0.0	250.0	243.69	1723.7	89.75	27.356	89.48
17431.00	25155	0	11879	92	126.3	4.71	12.3	57.7	85	35.312	0.0	250.0	243.47	1723.7	89.75	27.356	89.48
17432.00	25262	0	11849	53	126.3	4.71	12.3	57.7	85	35.274	0.0	250.0	243.20	1723.7	89.75	27.356	89.48
17433.00	25124	0	11933	92	126.0	4.61	12.3	57.7	85	35.238	0.0	250.0	242.95	1723.7	89.75	27.356	89.48
17434.00	25216	0	11711	84	125.4	4.71	12.3	57.7	85	35.199	0.0	250.0	242.69	1723.7	89.75	27.356	89.48
17435.00	25216	0	11788	23	124.2	4.74	12.3	57.7	85	35.173	0.0	250.0	242.51	1723.7	89.75	27.356	89.48
17436.00	25117	0	11719	122	123.8	4.63	12.3	57.7	85	35.137	0.0	250.0	242.26	1723.7	89.75	27.356	89.48
17437.00	25079	0	11765	76	123.1	4.65	12.3	57.7	85	35.102	0.0	250.0	242.02	1723.7	89.75	27.356	89.48
17438.00	25178	0	11742	46	121.8	4.61	12.3	57.7	85	35.069	0.0	250.0	241.79	1723.7	89.75	27.356	89.48
17439.00	25224	0	11742	76	120.8	4.85	12.3	57.7	85	35.037	0.0	250.0	241.57	1723.7	89.75	27.356	89.48
17440.00	25231	0	11666	15	120.3	4.23	12.3	57.7	85	34.999	0.0	250.0	241.31	1723.7	89.75	27.356	89.48
17441.00	25239	0	11711	61	119.6	4.74	12.3	57.7	85	34.972	0.0	250.0	241.13	1723.7	89.75	27.356	89.48
17442.00	25101	0	11811	46	118.2	4.71	12.3	57.8	85	34.938	0.0	250.0	240.89	1723.7	89.75	27.356	89.48
17443.00	25300	0	11719	31	117.1	4.68	12.3	57.8	85	34.903	0.0	250.0	240.65	1723.7	89.75	27.356	89.48
17444.00	25208	0	11734	46	116.7	4.69	12.3	57.7	85	34.857	0.0	250.0	240.33	1723.7	89.75	27.356	89.48
17445.00	25124	0	11635	76	116.4	4.64	12.3	57.8	85	34.817	0.0	250.0	240.06	1723.7	89.75	27.356	89.48
17446.00	25101	0	11666	23	116.3	4.55	12.3	57.8	85	34.783	0.0	250.0	239.82	1723.7	89.75	27.356	89.48
17447.00	25292	0	11689	92	116.0	4.69	12.3	57.8	85	34.762	0.0	250.0	239.67	1723.7	89.75	27.356	89.48
17448.00	25140	0	11681	46	115.4	4.66	12.3	57.8	85	34.721	0.0	250.0	239.39	1723.7	89.75	27.356	89.48
17449.00	25246	0	11612	92	114.1	4.62	12.3	57.8	85	34.689	0.0	250.0	239.17	1723.7	89.75	27.356	89.48
17450.00	25048	0	11681	76	113.6	4.64	12.3	57.8	85	34.650	0.0	250.0	238.91	1723.7	89.75	27.356	89.48
17451.00	25178	0	11605	31	113.2	4.58	12.3	57.8	85	34.622	0.0	250.0	238.71	1723.7	89.75	27.356	89.48
17452.00	25109	0	11650	38	112.2	4.76	12.3	57.8	85	34.580	0.0	250.0	238.42	1723.7	89.75	27.356	89.48
17453.00	25048	0	11620	53	111.3	4.70	12.3	57.8	85	34.549	0.0	250.0	238.20	1723.7	89.75	27.356	89.48
17454.00	25231	0	11528	38	110.7	4.61	12.3	57.8	85	34.518	0.0	250.0	237.99	1723.7	89.75	27.356	89.48
17455.00	25018	0	11628	61	109.9	4.67	12.3	57.8	85	34.481	0.0	250.0	237.74	1723.7	89.75	27.356	89.48
17456.00	25155	0	11658	38	109.7	4.54	12.3	57.8	85	34.453	0.0	250.0	237.55	1723.7	89.75	27.356	89.48
17457.00	25079	0	11589	61	109.1	4.59	12.3	57.8	85	34.429	0.0	250.0	237.38	1723.7	89.75	27.356	89.48
17458.00	25208	0	11696	53	108.1	4.71	12.3	57.8	85	34.400	0.0	250.0	237.18	1723.7	89.75	27.356	89.48
17459.00	25124	0	11460	92	107.2	4.56	12.3	57.8	85	34.363	0.0	250.0	236.93	1723.7	89.75	27.356	89.48
17460.00	25079	0	11612	31	106.3	4.54	12.3	57.8	85	34.325	0.0	250.0	236.66	1723.7	89.75	27.356	89.48
17461.00	25048	0	11620	31	105.5	4.61	12.3	57.8	85	34.297	0.0	250.0	236.47	1723.7	89.75	27.356	89.48
17462.00	25101	0	11582	23	105.0	4.60	12.3	57.8	85	34.267	0.0	250.0	236.26	1723.7	89.75	27.356	89.48
17463.00	25040	0	11612	38	104.6	4.74	12.3	57.8	85	34.243	0.0	250.0	236.10	1723.7	89.75	27.356	89.48
17464.00	25040	0	11559	61	103.6	4.79	12.3	57.8	85	34.214	0.0	250.0	235.90	1723.7	89.75	27.356	89.48
17465.00	25292	0	11551	61	102.5	4.63	12.3	57.8	85	34.185	0.0	250.0	235.69	1723.7	89.75	27.356	89.48
17466.00	25086	0	11521	92	101.7	4.64	12.3	57.8	85	34.158	0.0	250.0	235.51	1723.7	89.75	27.356	89.48
17467.00	24957	0	11513	31	101.4	4.50	12.3	57.8	85	34.127	0.0	250.0	235.30	1723.7	89.75	27.356	89.48
17468.00	24995	0	11544	61	100.8	4.64	12.3	57.8	85	34.099	0.0	250.0	235.10	1723.7	89.75	27.356	89.48
17469.00	25132	0	11628	61	99.7	4.68	12.3	57.8	85	34.068	0.0	250.0	234.89	1723.7	89.75	27.356	89.48
17470.00	25033	0	11536	46	99.1	4.64	12.3	57.8	85	34.048	0.0	250.0	234.75	1723.7	89.75	27.356	89.48
17471.00	25277	0	11475	92	98.7	4.63	12.3	57.8	85	34.012	0.0	250.0	234.51	1723.7	89.75	27.356	89.48
17472.00	24957	0	11620	38	97.9	4.84	12.3	57.8	85	33.990	0.0	250.0	234.35	1723.7	89.75	27.356	89.48
17473.00	25170	0	11528	92	97.0	4.56	12.3	57.8	85	33.964	0.0	250.0	234.17	1723.7	89.75	27.356	89.48
17474.00	24987	0	11528	23	96.3	4.54	12.3	57.8	85	33.933	0.0	250.0	233.96	1723.7	89.75	27.356	89.48
17475.00	24979	0	11620	53	96.1	4.66	12.3	57.8	85	33.912	0.0	250.0	233.81	1723.7	89.75	27.356	89.48
17476.00	24979	0	11505	23	95.6	4.70	12.3	57.8	85	33.891	0.0	250.0	233.67	1723.7	89.75	27.356	89.48
17477.00	24819	0	11521	76	94.8	4.66	12.3	57.8	85	33.859	0.0	250.0	233.45	1723.7	89.75	27.356	89.48
17478.00	25056	0	11544	61	94.1	4.71	12.3	57.8	85	33.831	0.0	250.0	233.25	1723.7	89.75	27.356	89.48
17479.00	24888	0	11582	61	93.7	4.53	12.3	57.8	85	33.815	0.0	250.0	233.15	1723.7	89.75	27.356	89.48
17480.00	24850	0	11536	53	93.3	4.66	12.3	57.8	85	33.781	0.0	250.0	232.91	1723.7	89.75	27.356	89.48
17481.00	24674	0	11597	92	92.5	4.69	12.3	57.8	85	33.758	0.0	250.0	232.75	1723.7	89.75	27.356	89.48
17482.00	25025	0	11536	61	92.0	4.67	12.3	57.8	85	33.738	0.0	250.0	232.61	1723.7	89.75	27.356	89.48
17483.00	25048	0	11513	23	91.3	4.69	12.3	57.8	85	33.713	0.0	250.0	232.44	1723.7	89.75	27.356	89.48
17484.00	24819	0	11681	53	91.1	4.72	12.3	57.8	85	33.688	0.0	250.0	232.27	1723.7	89.75	27.356	89.48
17485.00	24812	0	11521	31	90.6	4.58	12.3	57.8	85	33.668	0.0	250.0	232.14	1723.7	89.75	27.356	89.48
17486.00	25040	0	11589	76	90.1	4.67	12.3	57.8	85	33.643	0.0	250.0	231.96	1723.7	89.75	27.356	89.48
17487.00	24880	0	11429	15	89.5	4.54	12.3	57.8	85	33.628	0.0	250.0	231.86	1723.7	89.75	27.356	89.48
17488.00	24926	0	11589	76	88.8	4.66	12.3	57.8	85	33.603	0.0	250.0	231.68	1723.7	89.75	27.356	89.48
17489.00	24834	0	11544	8	88.6	4.73	12.3	57.8	85	33.583	0.0	250.0	231.55	1723.7	89.75	27.356	89.48
17490.00	24888	0	11475	46	88.3	4.61	12.3	57.8	85	33.564	0.0	250.0	231.41	1723.7	89.75	27.356	89.48
17491.00	24873	0	11513	46	87.9	4.50	12.3	57.8	85	33.538	0.0	250.0	231.23	1723.7	89.75	27.356	89.48
17492.00	24880	0	11521	61	87.6	4.61	12.3	57.8	85	33.524	0.0	250.0	231.14	1723.7	89.75	27.356	89.48
17493.00	24903	0	11505	53	87.1	4.59	12.3	57.8	85	33.501	0.0	250.0	230.98	1723.7	89.75	27.356	89.48
17494.00	24979	0	11429	46	86.3	4.59	12.3	57.8	85	33.482	0.0	250.0	230.85	1723.7	89.75	27.356	89.48
17495.00	25033	0	11467	46	85.8	4.62	12.3	57.8	85	33.464	0.0	250.0	230.72	1723.7	89.75	27.356	89.48
17496.00	24941	0	11467	38	85.5	4.44	12.3	57.8	85	33.447	0.0	250.0	230.61	1723.7	89.75	27.356	89.48
17497.00	24880	0	11444	46	85.3	4.69	12.3	57.8	85	33.431	0.0	250.0	230.50	1723.7	89.75	27.356	89.48
17498.00	24812	0	11544	31	85.0	4.71	12.3	57.8	85	33.412	0.0	250.0	230.37	1723.7	89.75	27.356	89.48
17499.00	24789	0	11483	61	84.6	4.60	12.3	57.8	85	33.390	0.0	250.0	230.22	1723.7	89.75	27.356	89.48
17500.00	24850	0	11582	31	84.2	4.65	12.3	57.8	85	33.373	0.0	250.0	230.10	1723.7	89.75	27.356	89.48
17501.00	24728	0	11498	46	83.9	4.79	12.3	57.8	85	33.357	0.0	250.0	229.99	1723.7	89.75	27.356	89.48
17502.00	24682	0	11406	38	83.5	4.56	12.3	57.8	85	33.335	0.0	250.0	229.84	1723.7	89.75	27.356	89.48
17503.00	24766	0	11399	38	83.0	4.60	12.3	57.8	85	33.320	0.0	250.0	229.73	1723.7	89.75	27.356	89.48
17504.00	24911	0	11490	69	82.6	4.69	12.3	57.8	85	33.301	0.0	250.0	229.60	1723.7	89.75	27.356	89.48
17505.00	24979	0	11452	46	82.4	4.69	12.3	57.8	85	33.278	0.0	250.0	229.44	1723.7	89.75	27.356	89.48
17506.00	24842	0	11376	23	82.0	4.59	12.3	57.8	85	33.264	0.0	250.0	229.35	1723.7	89.75	27.356	89.48
17507.00	24888	0	11483	84	81.7	4.65	12.3	57.8	85	33.252	0.0	250.0	229.26	1723.7	89.75	27.356	89.48
17508.00	24766	0	11383	38	81.4	4.62	12.3	57.8	85	33.231	0.0	250.0	229.12	1723.7	89.75	27.356	89.48
17509.00	24857	0	11406	38	81.0	4.64	12.3	57.8	85	33.221	0.0	250.0	229.05	1723.7	89.75	27.356	89.48
17510.00	24796	0	11399	46	80.5	4.68	12.3	57.8	85	33.205	0.0	250.0	228.94	1723.7	89.75	27.356	89.48
17511.00	24804	0	11490	38	80.4	4.67	12.3	57.8	85	33.186	0.0	250.0	228.81	1723.7	89.75	27.356	89.48
17512.00	24651	0	11467	69	80.3	4.68	12.3	57.8	85	33.137	0.0	250.0	228.47	1723.7	89.75	27.356	89.48
17513.00	24697	0	11414	8	79.9	4.60	12.3	57.8	85	33.117	0.0	250.0	228.33	1723.7	89.75	27.356	89.48
17514.00	24804	0	11475	69	79.6	4.56	12.3	57.8	85	33.100	0.0	250.0	228.21	1723.7	89.75	27.356	89.48
17515.00	24720	0	11460	46	78.9	4.65	12.3	57.8	85	33.090	0.0	250.0	228.14	1723.7	89.75	27.356	89.48
17516.00	24888	0	11361	46	78.7	4.50	12.3	57.8	85	33.078	0.0	250.0	228.07	1723.7	89.75	27.356	89.48
17517.00	24850	0	11483	92	78.5	4.63	12.3	57.8	85	33.069	0.0	250.0	228.00	1723.7	89.75	27.356	89.48
17518.00	24789	0	11452	38	78.1	4.58	12.3	57.8	85	33.049	0.0	250.0	227.87	1723.7	89.75	27.356	89.48
17519.00	24651	0	11483	38	77.7	4.55	12.3	57.8	85	33.048	0.0	250.0	227.86	1723.7	89.75	27.356	89.48
17520.00	24834	0	11528	46	77.6	4.53	12.3	57.8	85	33.028	0.0	250.0	227.72	1723.7	89.75	27.356	89.48
17521.00	24728	0	11376	92	77.3	4.71	12.3	57.8	85	33.026	0.0	250.0	227.71	1723.7	89.75	27.356	89.48
17522.00	24758	0	11452	53	76.9	4.62	12.3	57.8	85	33.016	0.0	250.0	227.64	1723.7	89.75	27.356	89.48
17523.00	24804	0	11475	46	76.8	4.55	12.3	57.8	85	33.002	0.0	250.0	227.54	1723.7	89.75	27.356	89.48
17524.00	24682	0	11414	69	76.5	4.79	12.3	57.8	85	32.998	0.0	250.0	227.51	1723.7	89.75	27.356	89.48
17525.00	24705	0	11483	46	76.0	4.62	12.3	57.8	85	32.992	0.0	250.0	227.47	1723.7	89.75	27.356	89.48
17526.00	24819	0	11330	38	75.9	4.52	12.3	57.8	85	32.978	0.0	250.0	227.37	1723.7	89.75	27.356	89.48
17527.00	24751	0	11483	31	75.8	4.85	12.3	57.8	85	32.968	0.0	250.0	227.31	1723.7	89.75	27.356	89.48
17528.00	24773	0	11361	38	75.5	4.73	12.3	57.8	85	32.958	0.0	250.0	227.24	1723.7	89.75	27.356	89.48
17529.00	24728	0	11292	8	75.2	4.77	12.3	57.8	85	32.953	0.0	250.0	227.21	1723.7	89.75	27.356	89.48
17530.00	24812	0	11437	76	74.7	4.62	12.3	57.8	85	32.941	0.0	250.0	227.12	1723.7	89.75	27.356	89.48
17531.00	24827	0	11429	38	74.5	4.56	12.3	57.8	85	32.932	0.0	250.0	227.06	1723.7	89.75	27.356	89.48
17532.00	24743	0	11376	38	74.5	4.58	12.3	57.8	85	32.919	0.0	250.0	226.97	1723.7	89.75	27.356	89.48
17533.00	24735	0	11490	31	74.3	4.66	12.3	57.8	85	32.907	0.0	250.0	226.89	1723.7	89.75	27.356	89.48
17534.00	24674	0	11383	69	74.1	4.79	12.3	57.8	85	32.899	0.0	250.0	226.83	1723.7	89.75	27.356	89.48
17535.00	24644	0	11376	46	73.6	4.38	12.3	57.8	85	32.894	0.0	250.0	226.80	1723.7	89.75	27.356	89.48
17536.00	24560	0	11361	0	73.4	4.74	12.3	57.8	85	32.879	0.0	250.0	226.70	1723.7	89.75	27.356	89.48
17537.00	24590	0	11322	15	73.2	4.55	12.3	57.8	85	32.873	0.0	250.0	226.65	1723.7	89.75	27.356	89.48
17538.00	24659	0	11391	38	73.1	4.63	12.3	57.8	85	32.856	0.0	250.0	226.53	1723.7	89.75	27.356	89.48
17539.00	24789	0	11330	46	72.8	4.54	12.3	57.8	85	32.846	0.0	250.0	226.46	1723.7	89.75	27.356	89.48
17540.00	24804	0	11368	114	72.7	4.49	12.3	57.8	85	32.833	0.0	250.0	226.38	1723.7	89.75	27.356	89.48
17541.00	24789	0	11383	31	72.5	4.55	12.3	57.8	85	32.825	0.0	250.0	226.32	1723.7	89.75	27.356	89.48
17542.00	24712	0	11414	31	72.4	4.76	12.3	57.8	85	32.823	0.0	250.0	226.31	1723.7	89.75	27.356	89.48
17543.00	24735	0	11345	38	72.1	4.52	12.3	57.8	85	32.810	0.0	250.0	226.22	1723.7	89.75	27.356	89.48
17544.00	24987	0	11460	69	71.7	4.52	12.3	57.8	85	32.800	0.0	250.0	226.15	1723.7	89.75	27.356	89.48
17545.00	24735	0	11353	15	71.4	4.85	12.3	57.8	85	32.787	0.0	250.0	226.06	1723.7	89.75	27.356	89.48
17546.00	24743	0	11422	38	71.3	4.56	12.3	57.8	85	32.783	0.0	250.0	226.03	1723.7	89.75	27.356	89.48
17547.00	24644	0	11406	53	71.2	4.58	12.3	57.8	85	32.774	0.0	250.0	225.97	1723.7	89.75	27.356	89.48
17548.00	24697	0	11353	84	71.0	4.49	12.3	57.8	85	32.764	0.0	250.0	225.90	1723.7	89.75	27.356	89.48
17549.00	24606	0	11414	61	70.7	4.51	12.3	57.8	85	32.754	0.0	250.0	225.83	1723.7	89.75	27.356	89.48
17550.00	24735	0	11391	31	70.5	4.76	12.3	57.8	85	32.745	0.0	250.0	225.77	1723.7	89.75	27.356	89.48
17551.00	24697	0	11429	53	70.5	4.59	12.3	57.8	85	32.736	0.0	250.0	225.71	1723.7	89.75	27.356	89.48
17552.00	24758	0	11353	46	70.2	4.46	12.3	57.8	85	32.733	0.0	250.0	225.69	1723.7	89.75	27.356	89.48
17553.00	24751	0	11460	69	70.0	4.73	12.3	57.8	85	32.721	0.0	250.0	225.61	1723.7	89.75	27.356	89.48
17554.00	24789	0	11368	76	69.7	4.77	12.3	57.8	85	32.715	0.0	250.0	225.56	1723.7	89.75	27.356	89.48
17555.00	24606	0	11338	53	69.5	4.56	12.3	57.8	85	32.708	0.0	250.0	225.51	1723.7	89.75	27.356	89.48
17556.00	24560	0	11299	69	69.4	4.59	12.3	57.8	85	32.694	0.0	250.0	225.42	1723.7	89.75	27.356	89.48
17557.00	24758	0	11391	53	69.2	4.60	12.3	57.8	85	32.680	0.0	250.0	225.32	1723.7	89.75	27.356	89.48
17558.00	24491	0	11452	84	69.0	4.61	12.3	57.8	85	32.685	0.0	250.0	225.35	1723.7	89.75	27.356	89.48
17559.00	24438	0	11338	76	68.9	4.78	12.3	57.8	85	32.676	0.0	250.0	225.29	1723.7	89.75	27.356	89.48
17560.00	24575	0	11368	38	68.8	4.54	12.3	57.8	85	32.664	0.0	250.0	225.21	1723.7	89.75	27.356	89.48
17561.00	24560	0	11322	46	68.6	4.58	12.3	57.8	85	32.655	0.0	250.0	225.15	1723.7	89.75	27.356	89.48
17562.00	24537	0	11315	15	68.4	4.49	12.3	57.8	85	32.651	0.0	250.0	225.12	1723.7	89.75	27.356	89.48
17563.00	24621	0	11399	53	68.3	4.58	12.3	57.8	85	32.645	0.0	250.0	225.08	1723.7	89.75	27.356	89.48
17564.00	24560	0	11330	31	68.1	4.59	12.3	57.8	85	32.641	0.0	250.0	225.05	1723.7	89.75	27.356	89.48
17565.00	24689	0	11399	46	67.8	4.67	12.3	57.8	85	32.634	0.0	250.0	225.01	1723.7	89.75	27.356	89.48
17566.00	24590	0	11307	31	67.6	4.65	12.3	57.8	85	32.626	0.0	250.0	224.95	1723.7	89.75	27.356	89.48
17567.00	24552	0	11414	46	67.5	4.62	12.3	57.8	85	32.617	0.0	250.0	224.89	1723.7	89.75	27.356	89.48
17568.00	24384	0	11460	46	67.4	4.59	12.3	57.8	85	32.609	0.0	250.0	224.83	1723.7	89.75	27.356	89.48
17569.00	24606	0	11368	46	67.1	4.61	12.3	57.8	85	32.599	0.0	250.0	224.77	1723.7	89.75	27.356	89.48
17570.00	24705	0	11399	61	67.0	4.65	12.3	57.8	85	32.597	0.0	250.0	224.75	1723.7	89.75	27.356	89.48
17571.00	24514	0	11338	69	66.8	4.57	12.3	57.8	85	32.588	0.0	250.0	224.69	1723.7	89.75	27.356	89.48
17572.00	24552	0	11383	69	66.6	4.72	12.3	57.8	85	32.586	0.0	250.0	224.67	1723.7	89.75	27.356	89.48
17573.00	24415	0	11399	38	66.5	4.46	12.3	57.8	85	32.584	0.0	250.0	224.66	1723.7	89.75	27.356	89.48
17574.00	24506	0	11414	46	66.4	4.64	12.3	57.8	85	32.571	0.0	250.0	224.57	1723.7	89.75	27.356	89.48
17575.00	24560	0	11361	23	66.3	4.54	12.3	57.8	85	32.564	0.0	250.0	224.52	1723.7	89.75	27.356	89.48
17576.00	24453	0	11361	23	66.1	4.69	12.3	57.8	85	32.565	0.0	250.0	224.53	1723.7	89.75	27.356	89.48
17577.00	24545	0	11315	46	66.0	4.55	12.3	57.8	85	32.553	0.0	250.0	224.45	1723.7	89.75	27.356	89.48
17578.00	24499	0	11383	23	65.9	4.59	12.3	57.8	85	32.548	0.0	250.0	224.41	1723.7	89.75	27.356	89.48
17579.00	24575	0	11307	8	65.6	4.69	12.3	57.8	85	32.546	0.0	250.0	224.40	1723.7	89.75	27.356	89.48
17580.00	24506	0	11368	23	65.5	4.61	12.3	57.8	85	32.538	0.0	250.0	224.34	1723.7	89.75	27.356	89.48
17581.00	24445	0	11307	38	65.4	4.65	12.3	57.8	85	32.528	0.0	250.0	224.27	1723.7	89.75	27.356	89.48
17582.00	24552	0	11368	46	65.2	4.61	12.3	57.8	85	32.518	0.0	250.0	224.20	1723.7	89.75	27.356	89.48
17583.00	24583	0	11422	46	65.1	4.51	12.3	57.8	85	32.519	0.0	250.0	224.21	1723.7	89.75	27.356	89.48
17584.00	24644	0	11315	76	65.0	4.64	12.3	57.8	85	32.512	0.0	250.0	224.16	1723.7	89.75	27.356	89.48
17585.00	24560	0	11383	31	64.7	4.54	12.3	57.8	85	32.504	0.0	250.0	224.11	1723.7	89.75	27.356	89.48
17586.00	24514	0	11315	23	64.7	4.71	12.3	57.8	85	32.497	0.0	250.0	224.06	1723.7	89.75	27.356	89.48
17587.00	24628	0	11277	31	64.5	4.66	12.3	57.8	85	32.496	0.0	250.0	224.05	1723.7	89.75	27.356	89.48
17588.00	24720	0	11254	15	64.3	4.57	12.3	57.8	85	32.490	0.0	250.0	224.01	1723.7	89.75	27.356	89.48
17589.00	24606	0	11315	92	64.3	4.51	12.3	57.8	85	32.484	0.0	250.0	223.97	1723.7	89.75	27.356	89.48
17590.00	24651	0	11315	53	64.1	4.62	12.3	57.8	85	32.485	0.0	250.0	223.98	1723.7	89.75	27.356	89.48
17591.00	24613	0	11292	38	63.9	4.56	12.3	57.8	85	32.477	0.0	250.0	223.92	1723.7	89.75	27.356	89.48
17592.00	24674	0	11299	130	63.6	4.66	12.3	57.9	85	32.468	0.0	250.0	223.86	1723.7	89.75	27.356	89.48
17593.00	24461	0	11284	61	63.6	4.67	12.3	57.9	85	32.467	0.0	250.0	223.85	1723.7	89.75	27.356	89.48
17594.00	24613	0	11338	107	63.5	4.58	12.3	57.9	85	32.464	0.0	250.0	223.83	1723.7	89.75	27.356	89.48
17595.00	24583	0	11315	46	63.3	4.71	12.3	57.9	85	32.457	0.0	250.0	223.78	1723.7	89.75	27.356	89.48
17596.00	24674	0	11307	38	63.3	4.51	12.3	57.9	85	32.453	0.0	250.0	223.75	1723.7	89.75	27.356	89.48
17597.00	24705	0	11322	31	63.1	4.56	12.3	57.9	85	32.447	0.0	250.0	223.71	1723.7	89.75	27.356	89.48
17598.00	24651	0	11322	38	63.0	4.45	12.3	57.9	85	32.438	0.0	250.0	223.65	1723.7	89.75	27.356	89.48
17599.00	24705	0	11307	61	62.8	4.75	12.3	57.8	85	32.435	0.0	250.0	223.63	1723.7	89.75	27.356	89.48
17600.00	24674	0	11429	99	62.6	4.67	12.3	57.8	85	32.435	0.0	250.0	223.63	1723.7	89.75	27.356	89.48
17601.00	24712	0	11368	15	62.6	4.63	12.3	57.8	85	32.428	0.0	250.0	223.59	1723.7	89.75	27.356	89.48
17602.00	24598	0	11208	38	62.5	4.64	12.3	57.9	85	32.425	0.0	250.0	223.56	1723.7	89.75	27.356	89.48
17603.00	24575	0	11391	53	62.2	4.58	12.3	57.9	85	32.415	0.0	250.0	223.50	1723.7	89.75	27.356	89.48
17604.00	24705	0	11292	8	62.2	4.63	12.3	57.9	85	32.415	0.0	250.0	223.50	1723.7	89.75	27.356	89.48
17605.00	24621	0	11284	61	62.1	4.55	12.3	57.9	85	32.414	0.0	250.0	223.49	1723.7	89.75	27.356	89.48
17606.00	24567	0	11322	31	61.9	4.52	12.3	57.8	85	32.410	0.0	250.0	223.46	1723.7	89.75	27.356	89.48
17607.00	24567	0	11353	46	61.8	4.54	12.3	57.9	85	32.400	0.0	250.0	223.39	1723.7	89.75	27.356	89.48
17608.00	24659	0	11330	38	61.7	4.55	12.3	57.9	85	32.402	0.0	250.0	223.40	1723.7	89.75	27.356	89.48
17609.00	24476	0	11307	23	61.5	4.66	12.3	57.8	85	32.392	0.0	250.0	223.33	1723.7	89.75	27.356	89.48
17610.00	24743	0	11330	53	61.4	4.59	12.3	57.9	85	32.394	0.0	250.0	223.35	1723.7	89.75	27.356	89.48
17611.00	24758	0	11299	8	61.2	4.60	12.3	57.9	85	32.384	0.0	250.0	223.28	1723.7	89.75	27.356	89.48
17612.00	24697	0	11322	69	61.1	4.69	12.3	57.9	85	32.383	0.0	250.0	223.27	1723.7	89.75	27.356	89.48
17613.00	24880	0	11284	8	61.0	4.48	12.3	57.9	85	32.380	0.0	250.0	223.25	1723.7	89.75	27.356	89.48
17614.00	24827	0	11299	61	60.9	4.57	12.3	57.9	85	32.379	0.0	250.0	223.24	1723.7	89.75	27.356	89.48
17615.00	24766	0	11254	38	60.8	4.47	12.3	57.9	85	32.371	0.0	250.0	223.19	1723.7	89.75	27.356	89.48
17616.00	24819	0	11338	46	60.7	4.59	12.3	57.9	85	32.370	0.0	250.0	223.18	1723.7	89.75	27.356	89.48
17617.00	24651	0	11330	38	60.7	4.64	12.3	57.9	85	32.360	0.0	250.0	223.11	1723.7	89.75	27.356	89.48
17618.00	24697	0	11345	53	60.6	4.70	12.3	57.9	85	32.363	0.0	250.0	223.13	1723.7	89.75	27.356	89.48
17619.00	24712	0	11307	99	60.4	4.61	12.3	57.9	85	32.356	0.0	250.0	223.08	1723.7	89.75	27.356	89.48
17620.00	24712	0	11322	31	60.2	4.64	12.3	57.9	85	32.352	0.0	250.0	223.06	1723.7	89.75	27.356	89.48
17621.00	24926	0	11338	38	60.1	4.54	12.3	57.9	85	32.352	0.0	250.0	223.06	1723.7	89.75	27.356	89.48
17622.00	24865	0	11338	69	60.0	4.61	12.3	57.9	85	32.345	0.0	250.0	223.01	1723.7	89.75	27.356	89.48
17623.00	24789	0	11406	38	59.9	4.64	12.3	57.9	85	32.342	0.0	250.0	222.99	1723.7	89.75	27.356	89.48
17624.00	24819	0	11330	76	59.7	4.55	12.3	57.9	85	32.341	0.0	250.0	222.98	1723.7	89.75	27.356	89.48
17625.00	24705	0	11345	84	59.6	4.64	12.3	57.9	85	32.335	0.0	250.0	222.94	1723.7	89.75	27.356	89.48
17626.00	24972	0	11284	0	59.4	4.60	12.3	57.9	85	32.331	0.0	250.0	222.91	1723.7	89.75	27.356	89.48
17627.00	24819	0	11353	15	59.2	4.65	12.3	57.9	85	32.328	0.0	250.0	222.90	1723.7	89.75	27.356	89.48
17628.00	24796	0	11284	61	59.2	4.63	12.3	57.9	85	32.327	0.0	250.0	222.89	1723.7	89.75	27.356	89.48
17629.00	24781	0	11368	23	59.1	4.59	12.3	57.9	85	32.318	0.0	250.0	222.82	1723.7	89.75	27.356	89.48
17630.00	24720	0	11246	69	59.0	4.59	12.3	57.9	85	32.321	0.0	250.0	222.84	1723.7	89.75	27.356	89.48
17631.00	24842	0	11353	53	59.0	4.65	12.3	57.9	85	32.319	0.0	250.0	222.83	1723.7	89.75	27.356	89.48
17632.00	24743	0	11376	23	58.8	4.50	12.3	57.9	85	32.311	0.0	250.0	222.78	1723.7	89.75	27.356	89.48
17633.00	24918	0	11277	31	58.6	4.67	12.3	57.9	85	32.312	0.0	250.0	222.78	1723.7	89.75	27.356	89.48
17634.00	24796	0	11322	53	58.5	4.54	12.3	57.9	85	32.306	0.0	250.0	222.74	1723.7	89.75	27.356	89.48
17635.00	24941	0	11437	84	58.5	4.59	12.3	57.9	85	32.308	0.0	250.0	222.76	1723.7	89.75	27.356	89.48
17636.00	24918	0	11376	46	58.4	4.48	12.3	57.9	85	32.302	0.0	250.0	222.71	1723.7	89.75	27.356	89.48
17637.00	24895	0	11353	15	58.3	4.59	12.3	57.9	85	32.302	0.0	250.0	222.72	1723.7	89.75	27.356	89.48
17638.00	24865	0	11330	46	58.1	4.59	12.3	57.9	85	32.303	0.0	250.0	222.72	1723.7	89.75	27.356	89.48
17639.00	24873	0	11345	23	58.0	4.58	12.3	57.9	85	32.297	0.0	250.0	222.68	1723.7	89.75	27.356	89.48
17640.00	24979	0	11353	31	57.9	4.50	12.3	57.9	85	32.292	0.0	250.0	222.64	1723.7	89.75	27.356	89.48
17641.00	24812	0	11467	69	57.8	4.51	12.3	57.9	85	32.295	0.0	250.0	222.67	1723.7	89.75	27.356	89.48
17642.00	24842	0	11322	23	57.7	4.72	12.3	57.9	85	32.296	0.0	250.0	222.68	1723.7	89.75	27.356	89.48
17643.00	24873	0	11345	15	57.7	4.57	12.3	57.9	85	32.296	0.0	250.0	222.67	1723.7	89.75	27.356	89.48
17644.00	24903	0	11292	15	57.7	4.58	12.3	57.9	85	32.285	0.0	250.0	222.60	1723.7	89.75	27.356	89.48
17645.00	25048	0	11467	76	57.6	4.71	12.3	57.9	85	32.282	0.0	250.0	222.58	1723.7	89.75	27.356	89.48
17646.00	24888	0	11361	76	57.4	4.54	12.3	57.9	85	32.278	0.0	250.0	222.55	1723.7	89.75	27.356	89.48
17647.00	24918	0	11414	38	57.4	4.65	12.3	57.9	85	32.277	0.0	250.0	222.54	1723.7	89.75	27.356	89.48
17648.00	25071	0	11521	15	57.2	4.55	12.3	57.9	85	32.277	0.0	250.0	222.54	1723.7	89.75	27.356	89.48
17649.00	24934	0	11383	15	57.1	4.45	12.3	57.9	85	32.272	0.0	250.0	222.51	1723.7	89.75	27.356	89.48
17650.00	24957	0	11383	46	57.0	4.54	12.3	57.9	85	32.273	0.0	250.0	222.52	1723.7	89.75	27.356	89.48
17651.00	24689	0	11361	53	57.0	4.64	12.3	57.9	85	32.271	0.0	250.0	222.50	1723.7	89.75	27.356	89.48
17652.00	25140	0	11475	23	56.9	4.46	12.3	57.9	85	32.271	0.0	250.0	222.50	1723.7	89.75	27.356	89.48
17653.00	24964	0	11322	76	56.8	4.69	12.3	57.9	85	32.261	0.0	250.0	222.43	1723.7	89.75	27.356	89.48
17654.00	24941	0	11391	61	56.6	4.54	12.3	57.9	85	32.261	0.0	250.0	222.43	1723.7	89.75	27.356	89.48
17655.00	24903	0	11475	23	56.4	4.45	12.3	57.9	85	32.258	0.0	250.0	222.41	1723.7	89.75	27.356	89.48
17656.00	24979	0	11353	38	56.3	4.52	12.3	57.9	85	32.260	0.0	250.0	222.42	1723.7	89.75	27.356	89.48
17657.00	25010	0	11376	38	56.3	4.57	12.3	57.9	85	32.253	0.0	250.0	222.38	1723.7	89.75	27.356	89.48
17658.00	24964	0	11361	38	56.2	4.48	12.3	57.9	85	32.250	0.0	250.0	222.35	1723.7	89.75	27.356	89.48
17659.00	24949	0	11467	46	56.1	4.44	12.3	57.9	85	32.251	0.0	250.0	222.36	1723.7	89.75	27.356	89.48
17660.00	24964	0	11460	31	56.0	4.60	12.3	57.9	85	32.244	0.0	250.0	222.32	1723.7	89.75	27.356	89.48
17661.00	25132	0	11475	31	55.9	4.66	12.3	57.9	85	32.247	0.0	250.0	222.33	1723.7	89.75	27.356	89.48
17662.00	25071	0	11399	46	55.7	4.57	12.3	57.9	85	32.243	0.0	250.0	222.30	1723.7	89.75	27.356	89.48
17663.00	25025	0	11429	8	55.7	4.64	12.3	57.9	85	32.240	0.0	250.0	222.29	1723.7	89.75	27.356	89.48
17664.00	24964	0	11437	38	55.7	4.58	12.3	57.9	85	32.240	0.0	250.0	222.29	1723.7	89.75	27.356	89.48
17665.00	25079	0	11467	38	55.6	4.59	12.3	57.9	85	32.238	0.0	250.0	222.27	1723.7	89.75	27.356	89.48
