Time (sec)	Detector 1 (uV)	Detector 2 (uV)	Detector 3 (uV)	Detector 4 (uV)	Temperature (deg C)	EC (mS/m)	MIP Pressure (psi)	MIP Flow (mL/min)	MIP Pressure (kPa)	HPT Press. (psi)	HPT Flow (mL/min)	HPT Line Press. (psi)	HPT Press. (kPa)	HPT Line Press. (kPa)	Depth (ft)	Depth (m)	HPT Screen Depth (ft)
0.00	21477	0	18593	23	132.8	0.00	13.7	60.5	95	15.545	0.0	250.0	107.18	1723.7	0.00	0.000	-0.27
1.00	21416	0	18502	0	132.7	0.00	13.7	60.5	95	15.539	0.0	250.0	107.14	1723.7	0.00	0.000	-0.27
2.00	21439	0	18517	23	132.6	0.00	13.7	60.5	95	15.530	0.0	250.0	107.08	1723.7	0.00	0.000	-0.27
3.00	21409	0	18548	15	132.6	0.00	13.7	60.5	95	15.537	0.0	250.0	107.13	1723.7	0.00	0.000	-0.27
4.00	21317	0	18502	15	132.5	0.00	13.7	60.5	95	15.540	0.0	250.0	107.14	1723.7	0.00	0.000	-0.27
5.00	21485	0	18517	0	132.2	0.00	13.7	60.5	95	15.519	0.0	250.0	107.00	1723.7	0.00	0.000	-0.27
6.00	21271	0	18532	53	131.8	0.00	13.7	60.5	95	15.537	0.0	250.0	107.12	1723.7	0.00	0.000	-0.27
7.00	21340	0	18540	15	131.6	0.00	13.7	60.5	95	15.534	0.0	250.0	107.10	1723.7	0.00	0.000	-0.27
8.00	21271	0	18372	8	131.4	0.00	13.7	60.5	95	15.537	0.0	250.0	107.13	1723.7	0.00	0.000	-0.27
9.00	21287	0	18517	0	131.2	0.00	13.7	60.5	94	15.540	0.0	250.0	107.15	1723.7	0.00	0.000	-0.27
10.00	21241	0	18426	0	130.7	0.00	13.7	60.5	94	15.535	0.0	250.0	107.11	1723.7	0.00	0.000	-0.27
11.00	21310	0	18548	15	130.2	0.00	13.7	60.5	94	15.539	0.0	250.0	107.13	1723.7	0.00	0.000	-0.27
12.00	21493	0	18410	8	130.0	0.00	13.7	60.5	94	15.520	0.0	250.0	107.01	1723.7	0.00	0.000	-0.27
13.00	21493	0	18525	8	129.6	0.00	13.7	60.5	94	15.516	0.0	250.0	106.98	1723.7	0.00	0.000	-0.27
14.00	21378	0	18509	0	129.1	0.00	13.7	60.5	94	15.530	0.0	250.0	107.08	1723.7	0.00	0.000	-0.27
15.00	21287	0	18433	8	128.8	0.00	13.7	60.5	94	15.538	0.0	250.0	107.13	1723.7	0.00	0.000	-0.27
16.00	21325	0	18357	0	128.4	0.00	13.7	60.5	94	15.540	0.0	250.0	107.14	1723.7	0.00	0.000	-0.27
17.00	21279	0	18410	23	127.8	0.00	13.7	60.5	94	15.533	0.0	250.0	107.09	1723.7	0.00	0.000	-0.27
18.00	21233	0	18426	23	127.5	0.00	13.7	60.5	94	15.537	0.0	250.0	107.12	1723.7	0.00	0.000	-0.27
19.00	21203	0	18509	23	127.3	0.00	13.7	60.5	94	15.535	0.0	250.0	107.11	1723.7	0.00	0.000	-0.27
20.00	21294	0	18479	0	126.9	0.00	13.7	60.5	94	15.544	0.0	250.0	107.17	1723.7	0.00	0.000	-0.27
21.00	21187	0	18471	23	126.1	0.00	13.7	60.5	94	15.535	0.0	250.0	107.11	1723.7	0.00	0.000	-0.27
22.00	21287	0	18380	15	125.8	0.00	13.7	60.5	94	15.530	0.0	250.0	107.07	1723.7	0.00	0.000	-0.27
23.00	21149	0	18418	0	125.5	0.00	13.7	60.5	94	15.535	0.0	250.0	107.11	1723.7	0.00	0.000	-0.27
24.00	21134	0	18433	8	124.9	0.00	13.7	60.5	94	15.531	0.0	250.0	107.08	1723.7	0.00	0.000	-0.27
25.00	21210	0	18395	23	124.4	0.00	13.7	60.5	94	15.531	0.0	250.0	107.08	1723.7	0.00	0.000	-0.27
26.00	21149	0	18403	23	124.2	0.00	13.7	60.5	94	15.532	0.0	250.0	107.09	1723.7	0.00	0.000	-0.27
27.00	21035	0	18502	15	123.8	0.00	13.7	60.5	94	15.525	0.0	250.0	107.04	1723.7	0.00	0.000	-0.27
28.00	20981	0	18418	38	123.2	0.00	13.7	60.5	94	15.537	0.0	250.0	107.12	1723.7	0.00	0.000	-0.27
29.00	21172	0	18448	0	122.7	0.00	13.7	60.5	94	15.534	0.0	250.0	107.10	1723.7	0.00	0.000	-0.27
30.00	21004	0	18464	46	122.5	0.00	13.7	60.5	94	15.538	0.0	250.0	107.13	1723.7	0.00	0.000	-0.27
31.00	21096	0	18433	15	122.3	0.00	13.7	60.5	94	15.528	0.0	250.0	107.06	1723.7	0.00	0.000	-0.27
32.00	21081	0	18563	15	121.9	0.00	13.7	60.5	94	15.531	0.0	250.0	107.08	1723.7	0.00	0.000	-0.27
33.00	21027	0	18479	8	121.4	0.00	13.7	60.5	94	15.532	0.0	250.0	107.09	1723.7	0.00	0.000	-0.27
34.00	21081	0	18517	8	120.9	0.00	13.7	60.5	94	15.530	0.0	250.0	107.07	1723.7	0.00	0.000	-0.27
35.00	20875	0	18517	0	120.8	0.00	13.7	60.5	94	15.540	0.0	250.0	107.14	1723.7	0.00	0.000	-0.27
36.00	20905	0	18509	8	120.6	0.00	13.7	60.5	94	15.547	0.0	250.0	107.19	1723.7	0.00	0.000	-0.27
37.00	20905	0	18563	23	120.0	0.00	13.7	60.5	94	15.534	0.0	250.0	107.10	1723.7	0.00	0.000	-0.27
38.00	20867	0	18525	8	119.9	0.00	13.7	60.5	94	15.534	0.0	250.0	107.11	1723.7	0.00	0.000	-0.27
39.00	20928	0	18517	8	120.2	0.00	13.7	60.5	94	15.534	0.0	250.0	107.10	1723.7	0.00	0.000	-0.27
40.00	20852	0	18563	8	120.5	0.00	13.7	60.5	94	15.539	0.0	250.0	107.14	1723.7	0.00	0.000	-0.27
41.00	20882	0	18456	15	121.5	0.00	13.7	60.5	94	15.531	0.0	250.0	107.08	1723.7	0.00	0.000	-0.27
42.00	20852	0	18494	31	122.9	0.00	13.7	60.5	94	15.535	0.0	250.0	107.11	1723.7	0.00	0.000	-0.27
43.00	20981	0	18456	0	124.1	0.00	13.7	60.5	94	15.536	0.0	250.0	107.12	1723.7	0.00	0.000	-0.27
44.00	21050	0	18471	8	125.7	0.00	13.7	60.5	94	15.529	0.0	250.0	107.07	1723.7	0.00	0.000	-0.27
45.00	21073	0	18403	8	127.2	0.00	13.7	60.5	94	15.537	0.0	250.0	107.12	1723.7	0.00	0.000	-0.27
46.00	21027	0	18441	8	128.7	0.00	13.7	60.5	94	15.532	0.0	250.0	107.09	1723.7	0.00	0.000	-0.27
47.00	20981	0	18456	38	130.0	0.00	13.7	60.5	94	15.534	0.0	250.0	107.10	1723.7	0.00	0.000	-0.27
48.00	20959	0	18418	23	130.9	0.00	13.7	60.5	94	15.532	0.0	250.0	107.09	1723.7	0.00	0.000	-0.27
49.00	21111	0	18456	15	131.6	0.00	13.7	60.5	94	15.541	0.0	250.0	107.15	1723.7	0.00	0.000	-0.27
50.00	21050	0	18441	15	131.6	0.00	13.7	60.5	94	15.532	0.0	250.0	107.09	1723.7	0.00	0.000	-0.27
51.00	21058	0	18387	15	131.5	0.00	13.7	60.5	94	15.531	0.0	250.0	107.09	1723.7	0.00	0.000	-0.27
52.00	20974	0	18426	23	131.2	0.00	13.7	60.5	94	15.543	0.0	250.0	107.16	1723.7	0.00	0.000	-0.27
53.00	20928	0	18319	8	129.8	0.00	13.7	60.5	94	15.540	0.0	250.0	107.14	1723.7	0.00	0.000	-0.27
54.00	21081	0	18426	31	129.2	0.00	13.7	60.5	94	15.535	0.0	250.0	107.11	1723.7	0.00	0.000	-0.27
55.00	21050	0	18372	0	128.7	0.00	13.7	60.5	94	15.537	0.0	250.0	107.12	1723.7	0.00	0.000	-0.27
56.00	20997	0	18441	15	127.2	0.00	13.7	60.5	94	15.541	0.0	250.0	107.15	1723.7	0.00	0.000	-0.27
57.00	21035	0	18426	0	126.2	0.00	13.7	60.5	94	15.537	0.0	250.0	107.13	1723.7	0.00	0.000	-0.27
58.00	21073	0	18342	8	125.1	0.00	13.7	60.5	94	15.539	0.0	250.0	107.14	1723.7	0.00	0.000	-0.27
59.00	21081	0	18357	31	124.2	0.00	13.7	60.5	94	15.538	0.0	250.0	107.13	1723.7	0.00	0.000	-0.27
60.00	20936	0	18372	8	123.3	0.00	13.7	60.5	94	15.535	0.0	250.0	107.11	1723.7	0.00	0.000	-0.27
61.00	21157	0	18441	8	122.6	0.00	13.7	60.5	94	15.540	0.0	250.0	107.15	1723.7	0.00	0.000	-0.27
62.00	20913	0	18448	0	122.0	0.00	13.7	60.5	94	15.536	0.0	250.0	107.12	1723.7	0.00	0.000	-0.27
63.00	20959	0	18426	8	120.8	0.00	13.7	60.5	94	15.539	0.0	250.0	107.14	1723.7	0.00	0.000	-0.27
64.00	20737	0	18342	0	118.8	0.00	13.7	60.5	94	15.541	0.0	250.0	107.15	1723.7	0.00	0.000	-0.27
65.00	20882	0	18357	8	118.4	0.00	13.7	60.5	94	15.541	0.0	250.0	107.15	1723.7	0.00	0.000	-0.27
66.00	20798	0	18380	38	117.9	0.00	13.7	60.5	94	15.542	0.0	250.0	107.16	1723.7	0.00	0.000	-0.27
67.00	20768	0	18433	15	117.3	0.00	13.7	60.5	94	15.538	0.0	250.0	107.13	1723.7	0.00	0.000	-0.27
68.00	20722	0	18479	15	117.1	0.00	13.7	60.5	94	15.534	0.0	250.0	107.10	1723.7	0.00	0.000	-0.27
69.00	20859	0	18387	0	117.2	0.00	13.7	60.5	94	15.536	0.0	250.0	107.12	1723.7	0.00	0.000	-0.27
70.00	20898	0	18395	23	117.4	0.00	13.7	60.5	94	15.543	0.0	250.0	107.17	1723.7	0.00	0.000	-0.27
71.00	20798	0	18441	23	117.8	0.00	13.7	60.5	94	15.535	0.0	250.0	107.11	1723.7	0.00	0.000	-0.27
72.00	20783	0	18433	8	118.7	0.00	13.7	60.5	94	15.536	0.0	250.0	107.11	1723.7	0.00	0.000	-0.27
73.00	20669	0	18380	8	120.4	0.00	13.7	60.5	94	15.532	0.0	250.0	107.09	1723.7	0.00	0.000	-0.27
74.00	20669	0	18410	23	121.5	0.00	13.7	60.5	94	15.538	0.0	250.0	107.13	1723.7	0.00	0.000	-0.27
75.00	20669	0	18372	8	122.8	0.00	13.7	60.5	94	15.534	0.0	250.0	107.10	1723.7	0.00	0.000	-0.27
76.00	20623	0	18387	15	123.8	0.00	13.7	60.5	94	15.537	0.0	250.0	107.13	1723.7	0.00	0.000	-0.27
77.00	20615	0	18471	38	125.0	0.00	13.7	60.5	94	15.532	0.0	250.0	107.09	1723.7	0.00	0.000	-0.27
78.00	20585	0	18487	8	126.3	0.00	13.7	60.5	94	15.532	0.0	250.0	107.09	1723.7	0.00	0.000	-0.27
79.00	20554	0	18441	8	126.7	0.00	13.7	60.5	94	15.535	0.0	250.0	107.11	1723.7	0.00	0.000	-0.27
80.00	20531	0	18525	0	127.2	0.00	13.7	60.5	94	15.531	0.0	250.0	107.09	1723.7	0.00	0.000	-0.27
81.00	20432	0	18494	23	127.9	0.00	13.7	60.5	94	15.530	0.0	250.0	107.07	1723.7	0.00	0.000	-0.27
82.00	20524	0	18525	0	128.3	0.00	13.7	60.5	94	15.537	0.0	250.0	107.13	1723.7	0.00	0.000	-0.27
83.00	20402	0	18426	23	128.4	0.00	13.7	60.5	94	15.535	0.0	250.0	107.11	1723.7	0.00	0.000	-0.27
84.00	20486	0	18517	23	128.5	0.00	13.7	60.5	94	15.535	0.0	250.0	107.11	1723.7	0.00	0.000	-0.27
85.00	20455	0	18578	23	128.5	0.00	13.7	60.5	94	15.538	0.0	250.0	107.13	1723.7	0.00	0.000	-0.27
86.00	20447	0	18532	0	128.3	0.00	13.7	60.5	94	15.531	0.0	250.0	107.09	1723.7	0.00	0.000	-0.27
87.00	20379	0	18525	8	128.1	0.00	13.7	60.5	94	15.541	0.0	250.0	107.15	1723.7	0.00	0.000	-0.27
88.00	20516	0	18563	23	127.4	0.00	13.7	60.5	94	15.540	0.0	250.0	107.15	1723.7	0.00	0.000	-0.27
89.00	20440	0	18502	8	127.2	0.00	13.7	60.5	94	15.536	0.0	250.0	107.12	1723.7	0.00	0.000	-0.27
90.00	20425	0	18517	15	126.9	0.00	13.7	60.5	94	15.535	0.0	250.0	107.11	1723.7	0.00	0.000	-0.27
91.00	20463	0	18532	0	126.2	0.00	13.7	60.5	94	15.538	0.0	250.0	107.13	1723.7	0.00	0.000	-0.27
92.00	20425	0	18563	0	125.8	0.00	13.7	60.5	94	15.538	0.0	250.0	107.13	1723.7	0.00	0.000	-0.27
93.00	20531	0	18540	0	125.5	0.00	13.7	60.5	94	15.535	0.0	250.0	107.11	1723.7	0.00	0.000	-0.27
94.00	20493	0	18471	8	124.5	0.00	13.7	60.5	94	15.537	0.0	250.0	107.13	1723.7	0.00	0.000	-0.27
95.00	20440	0	18532	0	123.9	0.00	13.7	60.5	94	15.538	0.0	250.0	107.13	1723.7	0.00	0.000	-0.27
96.00	20386	0	18540	15	123.7	0.00	13.7	60.5	94	15.543	0.0	250.0	107.17	1723.7	0.00	0.000	-0.27
97.00	20516	0	18494	31	123.2	0.00	13.7	60.5	94	15.533	0.0	250.0	107.09	1723.7	0.00	0.000	-0.27
98.00	20516	0	18525	8	122.4	0.00	13.7	60.5	94	15.537	0.0	250.0	107.12	1723.7	0.00	0.000	-0.27
99.00	20585	0	18456	23	122.1	0.00	13.7	60.5	94	15.540	0.0	250.0	107.14	1723.7	0.00	0.000	-0.27
100.00	20554	0	18555	0	121.6	0.00	13.7	60.5	94	15.539	0.0	250.0	107.14	1723.7	0.00	0.000	-0.27
101.00	20554	0	18571	53	120.8	0.00	13.7	60.5	94	15.538	0.0	250.0	107.13	1723.7	0.00	0.000	-0.27
102.00	20867	0	18555	23	120.1	0.00	13.7	60.5	94	15.544	0.0	250.0	107.17	1723.7	0.00	0.000	-0.27
103.00	21432	0	18555	8	119.3	0.00	13.7	60.5	94	15.547	0.0	250.0	107.19	1723.7	0.00	0.000	-0.27
104.00	21447	0	18509	0	119.0	0.00	13.7	60.5	94	15.541	0.0	250.0	107.15	1723.7	0.00	0.000	-0.27
105.00	21271	0	18502	38	118.8	0.00	13.7	60.5	94	15.540	0.0	250.0	107.15	1723.7	0.00	0.000	-0.27
106.00	21203	0	18525	0	118.4	0.00	13.7	60.5	94	15.537	0.0	250.0	107.13	1723.7	0.00	0.000	-0.27
107.00	21294	0	18494	8	118.6	0.00	13.7	60.5	94	15.539	0.0	250.0	107.14	1723.7	0.00	0.000	-0.27
108.00	21386	0	18502	0	119.4	0.00	13.7	60.5	94	15.539	0.0	250.0	107.14	1723.7	0.00	0.000	-0.27
109.00	21187	0	18509	0	120.2	0.00	13.7	60.5	94	15.534	0.0	250.0	107.10	1723.7	0.00	0.000	-0.27
110.00	21226	0	18563	15	121.3	0.00	13.7	60.5	94	15.536	0.0	250.0	107.12	1723.7	0.00	0.000	-0.27
111.00	21203	0	18548	0	122.6	0.00	13.7	60.5	94	15.539	0.0	250.0	107.13	1723.7	0.00	0.000	-0.27
112.00	21264	0	18548	23	124.0	0.00	13.7	60.5	94	15.538	0.0	250.0	107.13	1723.7	0.00	0.000	-0.27
113.00	21111	0	18593	15	125.5	0.00	13.7	60.4	94	15.531	0.0	250.0	107.08	1723.7	0.00	0.000	-0.27
114.00	21233	0	18601	0	127.2	0.00	13.7	60.5	94	15.536	0.0	250.0	107.12	1723.7	0.00	0.000	-0.27
115.00	21294	0	18700	15	127.7	0.00	13.7	60.5	94	15.538	0.0	250.0	107.13	1723.7	0.00	0.000	-0.27
116.00	21325	0	18784	0	128.6	0.00	13.7	60.5	94	15.534	0.0	250.0	107.10	1723.7	0.00	0.000	-0.27
117.00	21332	0	18838	8	130.3	0.00	13.7	60.5	94	15.536	0.0	250.0	107.12	1723.7	0.00	0.000	-0.27
118.00	21218	0	18876	0	131.2	0.00	13.7	60.5	94	15.540	0.0	250.0	107.15	1723.7	0.00	0.000	-0.27
119.00	21325	0	18975	8	131.5	0.00	13.7	60.5	94	15.533	0.0	250.0	107.10	1723.7	0.00	0.000	-0.27
120.00	21355	0	18967	8	131.9	0.00	13.7	60.5	94	15.538	0.0	250.0	107.13	1723.7	0.00	0.000	-0.27
121.00	21531	0	19066	15	132.4	0.00	13.7	60.5	94	15.538	0.0	250.0	107.13	1723.7	0.00	0.000	-0.27
122.00	21325	0	19112	8	132.7	0.00	13.7	60.5	94	15.538	0.0	250.0	107.13	1723.7	0.00	0.000	-0.27
123.00	21401	0	19036	0	132.8	0.00	13.7	60.5	94	15.539	0.0	250.0	107.14	1723.7	0.00	0.000	-0.27
124.00	21439	0	19105	31	132.7	0.00	13.7	60.5	94	15.536	0.0	250.0	107.11	1723.7	0.00	0.000	-0.27
125.00	21508	0	19120	15	132.6	0.00	13.7	60.5	94	15.536	0.0	250.0	107.11	1723.7	0.00	0.000	-0.27
126.00	21706	0	19120	8	132.5	0.00	13.7	60.5	94	15.537	0.0	250.0	107.12	1723.7	0.00	0.000	-0.27
127.00	21661	0	19227	0	132.3	0.00	13.7	60.5	94	15.542	0.0	250.0	107.16	1723.7	0.00	0.000	-0.27
128.00	21722	0	19234	8	132.0	0.00	13.7	60.5	94	15.536	0.0	250.0	107.11	1723.7	0.00	0.000	-0.27
129.00	21798	0	19311	15	131.8	0.00	13.7	60.5	94	15.541	0.0	250.0	107.15	1723.7	0.00	0.000	-0.27
130.00	21798	0	19303	0	131.6	0.00	13.7	60.5	94	15.535	0.0	250.0	107.11	1723.7	0.00	0.000	-0.27
131.00	21805	0	19379	31	131.0	0.00	13.7	60.5	94	15.536	0.0	250.0	107.12	1723.7	0.00	0.000	-0.27
132.00	21729	0	19295	23	130.8	0.00	13.7	60.5	94	15.544	0.0	250.0	107.17	1723.7	0.00	0.000	-0.27
133.00	22019	0	19395	0	130.5	0.00	13.7	60.5	94	15.541	0.0	250.0	107.15	1723.7	0.00	0.000	-0.27
134.00	22057	0	19448	23	129.9	0.00	13.7	60.5	94	15.537	0.0	250.0	107.12	1723.7	0.00	0.000	-0.27
135.00	21821	0	19471	0	129.8	0.00	13.7	60.5	94	15.539	0.0	250.0	107.14	1723.7	0.00	0.000	-0.27
136.00	21935	0	19456	15	129.5	0.00	13.7	60.5	94	15.539	0.0	250.0	107.14	1723.7	0.00	0.000	-0.27
137.00	22126	0	19532	23	129.2	0.00	13.7	60.5	94	15.538	0.0	250.0	107.13	1723.7	0.00	0.000	-0.27
138.00	22004	0	19539	0	128.7	0.00	13.7	60.5	94	15.541	0.0	250.0	107.15	1723.7	0.00	0.000	-0.27
139.00	21973	0	19547	23	128.4	0.00	13.7	60.5	94	15.538	0.0	250.0	107.13	1723.7	0.00	0.000	-0.27
140.00	22073	0	19509	8	128.1	0.00	13.7	60.5	94	15.537	0.0	250.0	107.13	1723.7	0.00	0.000	-0.27
141.00	22141	0	19608	8	127.4	0.00	13.7	60.5	94	15.545	0.0	250.0	107.18	1723.7	0.00	0.000	-0.27
142.00	22217	0	19555	8	127.3	0.00	13.7	60.5	94	15.544	0.0	250.0	107.17	1723.7	0.00	0.000	-0.27
143.00	22324	0	19715	0	127.0	0.00	13.7	60.5	94	15.535	0.0	250.0	107.11	1723.7	0.00	0.000	-0.27
144.00	22286	0	19700	0	126.6	0.00	13.7	60.5	94	15.540	0.0	250.0	107.15	1723.7	0.00	0.000	-0.27
145.00	22446	0	19776	0	126.0	0.00	13.7	60.5	94	15.541	0.0	250.0	107.15	1723.7	0.00	0.000	-0.27
146.00	22515	0	19829	8	125.8	0.00	13.7	60.5	94	15.540	0.0	250.0	107.14	1723.7	0.00	0.000	-0.27
147.00	22431	0	19822	15	125.5	0.00	13.7	60.5	94	15.542	0.0	250.0	107.16	1723.7	0.00	0.000	-0.27
148.00	22561	0	19982	8	125.1	0.00	13.7	60.5	94	15.539	0.0	250.0	107.14	1723.7	0.00	0.000	-0.27
149.00	22546	0	19967	0	124.8	0.00	13.7	60.5	94	15.540	0.0	250.0	107.15	1723.7	0.00	0.000	-0.27
150.00	22416	0	19974	15	124.5	0.00	13.7	60.5	94	15.530	0.0	250.0	107.08	1723.7	0.00	0.000	-0.27
151.00	22416	0	19951	8	123.8	0.00	13.7	60.5	94	15.536	0.0	250.0	107.11	1723.7	0.00	0.000	-0.27
152.00	22378	0	19936	0	123.5	0.00	13.7	60.5	94	15.529	0.0	250.0	107.07	1723.7	0.00	0.000	-0.27
153.00	22370	0	19921	0	123.4	0.00	13.7	60.5	94	15.547	0.0	250.0	107.19	1723.7	0.00	0.000	-0.27
154.00	22416	0	19898	8	123.0	0.00	13.7	60.5	94	15.556	0.0	250.0	107.25	1723.7	0.00	0.000	-0.27
155.00	22317	0	19913	0	122.5	0.00	13.7	60.5	94	15.527	0.0	250.0	107.06	1723.7	0.00	0.000	-0.27
156.00	22309	0	20028	15	122.3	0.00	13.7	60.5	94	15.538	0.0	250.0	107.13	1723.7	0.00	0.000	-0.27
157.00	22301	0	20074	0	121.9	0.00	13.7	60.5	94	15.544	0.0	250.0	107.17	1723.7	0.00	0.000	-0.27
158.00	22477	0	20074	0	121.3	0.00	13.7	60.5	94	15.522	0.0	250.0	107.02	1723.7	0.00	0.000	-0.27
159.00	22454	0	20081	0	121.2	0.00	13.7	60.5	94	15.549	0.0	250.0	107.21	1723.7	0.00	0.000	-0.27
160.00	22324	0	20127	15	120.8	0.00	13.7	60.5	94	15.536	0.0	250.0	107.12	1723.7	0.00	0.000	-0.27
161.00	22317	0	20119	15	120.2	0.00	13.7	60.5	94	15.519	0.0	250.0	107.00	1723.7	0.00	0.000	-0.27
162.00	22439	0	20165	8	120.1	0.00	13.7	60.5	94	15.542	0.0	250.0	107.16	1723.7	0.00	0.000	-0.27
163.00	22706	0	20470	15	119.9	0.00	13.7	60.5	94	15.537	0.0	250.0	107.12	1723.7	0.00	0.000	-0.27
164.00	22980	0	20936	0	119.9	0.00	13.7	60.5	94	15.524	0.0	250.0	107.03	1723.7	0.00	0.000	-0.27
165.00	23194	0	21516	0	120.0	0.00	13.7	60.5	94	15.544	0.0	250.0	107.17	1723.7	0.00	0.000	-0.27
166.00	23553	0	22271	8	120.4	0.00	13.7	60.5	94	15.540	0.0	250.0	107.15	1723.7	0.00	0.000	-0.27
167.00	23927	0	22805	0	121.7	0.00	13.7	60.5	94	15.537	0.0	250.0	107.13	1723.7	0.00	0.000	-0.27
168.00	24224	0	23293	0	122.3	0.00	13.7	60.5	94	15.539	0.0	250.0	107.14	1723.7	0.00	0.000	-0.27
169.00	24201	0	23370	15	123.3	0.00	13.7	60.5	94	15.537	0.0	250.0	107.12	1723.7	0.00	0.000	-0.27
170.00	24247	0	23499	0	125.7	0.00	13.7	60.5	94	15.537	0.0	250.0	107.12	1723.7	0.00	0.000	-0.27
171.00	24110	0	23377	0	127.2	0.00	13.7	60.5	94	15.540	0.0	250.0	107.14	1723.7	0.00	0.000	-0.27
172.00	24064	0	23293	8	128.3	0.00	13.7	60.5	94	15.540	0.0	250.0	107.15	1723.7	0.00	0.000	-0.27
173.00	23843	0	23064	8	129.3	0.00	13.7	60.5	94	15.536	0.0	250.0	107.12	1723.7	0.00	0.000	-0.27
174.00	23759	0	22904	23	130.2	0.00	13.7	60.5	94	15.540	0.0	250.0	107.14	1723.7	0.00	0.000	-0.27
175.00	23843	0	22683	0	130.5	0.00	13.7	60.5	94	15.538	0.0	250.0	107.13	1723.7	0.00	0.000	-0.27
176.00	23789	0	22584	0	131.0	0.00	13.7	60.5	94	15.539	0.0	250.0	107.14	1723.7	0.00	0.000	-0.27
177.00	23537	0	22416	8	132.0	0.00	13.7	60.5	94	15.537	0.0	250.0	107.12	1723.7	0.00	0.000	-0.27
178.00	23537	0	22362	0	132.4	0.00	13.7	60.5	94	15.539	0.0	250.0	107.13	1723.7	0.00	0.000	-0.27
179.00	23469	0	22340	15	132.1	0.00	13.7	60.4	94	15.538	0.0	250.0	107.13	1723.7	0.00	0.000	-0.27
180.00	23423	0	22233	8	132.2	0.00	13.7	60.5	94	15.540	0.0	250.0	107.14	1723.7	0.00	0.000	-0.27
181.00	23347	0	22019	23	132.3	0.00	13.7	60.4	94	15.539	0.0	250.0	107.14	1723.7	0.00	0.000	-0.27
182.00	23141	0	21691	8	132.4	0.00	13.7	60.5	94	15.538	0.0	250.0	107.13	1723.7	0.00	0.000	-0.27
183.00	22713	0	21569	0	132.3	0.00	13.7	60.5	94	15.539	0.0	250.0	107.14	1723.7	0.00	0.000	-0.27
184.00	21851	0	21264	23	132.2	0.00	13.7	60.5	94	15.541	0.0	250.0	107.15	1723.7	0.00	0.000	-0.27
185.00	21836	0	21004	8	132.0	0.00	13.7	60.5	94	15.538	0.0	250.0	107.13	1723.7	0.00	0.000	-0.27
186.00	21874	0	20783	23	131.8	0.00	13.7	60.5	94	15.539	0.0	250.0	107.14	1723.7	0.00	0.000	-0.27
187.00	21638	0	20775	0	131.6	0.00	13.7	60.5	94	15.540	0.0	250.0	107.15	1723.7	0.00	0.000	-0.27
188.00	21905	0	20508	38	131.1	0.00	13.7	60.5	94	15.538	0.0	250.0	107.13	1723.7	0.00	0.000	-0.27
189.00	21638	0	20432	38	130.8	0.00	13.7	60.5	94	15.539	0.0	250.0	107.14	1723.7	0.00	0.000	-0.27
190.00	21622	0	20157	8	130.6	0.00	13.7	60.5	94	15.543	0.0	250.0	107.17	1723.7	0.00	0.000	-0.27
191.00	21569	0	19951	8	130.4	0.00	13.7	60.5	94	15.534	0.0	250.0	107.11	1723.7	0.00	0.000	-0.27
192.00	21317	0	19868	8	130.0	0.00	13.7	60.5	94	15.543	0.0	250.0	107.16	1723.7	0.00	0.000	-0.27
193.00	21378	0	19829	53	129.5	0.00	13.7	60.5	94	15.536	0.0	250.0	107.12	1723.7	0.00	0.000	-0.27
194.00	21294	0	19677	8	129.1	0.00	13.7	60.5	94	15.537	0.0	250.0	107.12	1723.7	0.00	0.000	-0.27
195.00	21508	0	19608	15	128.9	0.00	13.7	60.5	94	15.533	0.0	250.0	107.10	1723.7	0.00	0.000	-0.27
196.00	21470	0	19639	23	128.2	0.00	13.7	60.5	94	15.536	0.0	250.0	107.12	1723.7	0.00	0.000	-0.27
197.00	21195	0	19532	23	127.6	0.00	13.7	60.5	94	15.537	0.0	250.0	107.13	1723.7	0.00	0.000	-0.27
198.00	21241	0	19471	8	127.4	0.00	13.7	60.5	94	15.539	0.0	250.0	107.14	1723.7	0.00	0.000	-0.27
199.00	21233	0	19341	0	127.1	0.00	13.7	60.4	94	15.535	0.0	250.0	107.11	1723.7	0.00	0.000	-0.27
200.00	21233	0	19311	23	126.3	0.00	13.7	60.4	94	15.540	0.0	250.0	107.14	1723.7	0.00	0.000	-0.27
201.00	21287	0	19280	8	126.1	0.00	13.7	60.5	94	15.541	0.0	250.0	107.15	1723.7	0.00	0.000	-0.27
202.00	21172	0	19097	0	125.8	0.00	13.7	60.4	94	15.542	0.0	250.0	107.16	1723.7	0.00	0.000	-0.27
203.00	21203	0	19127	15	125.3	0.00	13.7	60.4	94	15.535	0.0	250.0	107.11	1723.7	0.00	0.000	-0.27
204.00	21020	0	19135	8	125.0	0.00	13.7	60.5	94	15.539	0.0	250.0	107.14	1723.7	0.00	0.000	-0.27
205.00	21073	0	19044	0	124.7	0.00	13.7	60.4	94	15.540	0.0	250.0	107.14	1723.7	0.00	0.000	-0.27
206.00	21126	0	18883	0	123.9	0.00	13.7	60.4	94	15.535	0.0	250.0	107.11	1723.7	0.00	0.000	-0.27
207.00	20936	0	18921	15	123.6	0.00	13.7	60.5	94	15.542	0.0	250.0	107.16	1723.7	0.00	0.000	-0.27
208.00	20859	0	18845	8	123.4	0.00	13.7	60.5	94	15.540	0.0	250.0	107.15	1723.7	0.00	0.000	-0.27
209.00	20837	0	18883	0	123.1	0.00	13.7	60.5	94	15.541	0.0	250.0	107.15	1723.7	0.00	0.000	-0.27
210.00	20814	0	18792	0	122.5	0.00	13.7	60.4	94	15.542	0.0	250.0	107.16	1723.7	0.00	0.000	-0.27
211.00	20913	0	18731	0	122.3	0.00	13.7	60.4	94	15.540	0.0	250.0	107.14	1723.7	0.00	0.000	-0.27
212.00	20806	0	18731	8	122.1	0.00	13.7	60.4	94	15.541	0.0	250.0	107.15	1723.7	0.00	0.000	-0.27
213.00	20760	0	18654	0	121.7	0.00	13.7	60.4	94	15.544	0.0	250.0	107.17	1723.7	0.00	0.000	-0.27
214.00	20692	0	18677	8	121.0	0.00	13.7	60.4	94	15.541	0.0	250.0	107.15	1723.7	0.00	0.000	-0.27
215.00	20669	0	18731	0	120.5	0.00	13.7	60.4	94	15.535	0.0	250.0	107.11	1723.7	0.00	0.000	-0.27
216.00	20638	0	18586	0	120.4	0.00	13.7	60.4	94	15.544	0.0	250.0	107.17	1723.7	0.00	0.000	-0.27
217.00	20562	0	18593	8	120.2	0.00	13.7	60.4	94	15.537	0.0	250.0	107.12	1723.7	0.00	0.000	-0.27
218.00	20882	0	18601	8	120.1	0.00	13.7	60.4	94	15.531	0.0	250.0	107.08	1723.7	0.00	0.000	-0.27
219.00	20600	0	18548	0	120.2	0.00	13.7	60.4	94	15.536	0.0	250.0	107.12	1723.7	0.00	0.000	-0.27
220.00	20661	0	18555	15	120.4	0.00	13.7	60.4	94	15.537	0.0	250.0	107.13	1723.7	0.00	0.000	-0.27
221.00	20699	0	18494	38	120.9	0.00	13.7	60.4	94	15.536	0.0	250.0	107.12	1723.7	0.00	0.000	-0.27
222.00	20608	0	18464	8	122.3	0.00	13.7	60.4	94	15.539	0.0	250.0	107.14	1723.7	0.00	0.000	-0.27
223.00	20768	0	18471	0	123.5	0.00	13.7	60.4	94	15.535	0.0	250.0	107.11	1723.7	0.00	0.000	-0.27
224.00	20707	0	18380	0	124.1	0.00	13.7	60.4	94	15.534	0.0	250.0	107.10	1723.7	0.00	0.000	-0.27
225.00	20600	0	18426	15	125.6	0.00	13.7	60.4	94	15.534	0.0	250.0	107.10	1723.7	0.00	0.000	-0.27
226.00	20592	0	18509	38	127.7	0.00	13.7	60.4	94	15.539	0.0	250.0	107.13	1723.7	0.00	0.000	-0.27
227.00	20486	0	18387	8	129.0	0.00	13.7	60.4	94	15.536	0.0	250.0	107.12	1723.7	0.00	0.000	-0.27
228.00	20600	0	18349	15	130.1	0.00	13.7	60.4	94	15.539	0.0	250.0	107.14	1723.7	0.00	0.000	-0.27
229.00	20432	0	18464	8	130.4	0.00	13.7	60.4	94	15.538	0.0	250.0	107.13	1723.7	0.00	0.000	-0.27
230.00	20638	0	18342	38	130.8	0.00	13.7	60.4	94	15.537	0.0	250.0	107.13	1723.7	0.00	0.000	-0.27
231.00	20371	0	18487	31	131.8	0.00	13.7	60.4	94	15.541	0.0	250.0	107.15	1723.7	0.00	0.000	-0.27
232.00	20402	0	18487	8	132.2	0.00	13.7	60.4	94	15.539	0.0	250.0	107.14	1723.7	0.00	0.000	-0.27
233.00	20562	0	18403	15	132.2	0.00	13.7	60.4	94	15.536	0.0	250.0	107.12	1723.7	0.00	0.000	-0.27
234.00	20463	0	18387	31	132.5	0.00	13.7	60.4	94	15.542	0.0	250.0	107.16	1723.7	0.00	0.000	-0.27
235.00	20264	0	18441	15	133.0	0.00	13.7	60.4	94	15.538	0.0	250.0	107.13	1723.7	0.00	0.000	-0.27
236.00	20379	0	18357	15	132.8	0.00	13.7	60.4	94	15.538	0.0	250.0	107.13	1723.7	0.00	0.000	-0.27
237.00	20341	0	18372	8	132.8	0.00	13.7	60.4	94	15.543	0.0	250.0	107.17	1723.7	0.00	0.000	-0.27
238.00	20440	0	18319	0	132.7	0.00	13.7	60.4	94	15.537	0.0	250.0	107.12	1723.7	0.00	0.000	-0.27
239.00	20379	0	18357	8	132.5	0.00	13.7	60.4	94	15.539	0.0	250.0	107.14	1723.7	0.00	0.000	-0.27
240.00	20394	0	18357	0	132.1	0.00	13.7	60.4	94	15.539	0.0	250.0	107.14	1723.7	0.00	0.000	-0.27
241.00	20791	0	18342	15	131.9	0.00	13.7	60.4	94	15.544	0.0	250.0	107.17	1723.7	0.00	0.000	-0.27
242.00	36462	0	18426	0	131.7	0.00	13.7	60.4	94	15.541	0.0	250.0	107.15	1723.7	0.00	0.000	-0.27
243.00	64394	0	18967	38	131.5	0.00	13.7	60.4	94	15.541	0.0	250.0	107.15	1723.7	0.00	0.000	-0.27
244.00	72420	0	19364	8	130.9	0.00	13.7	60.4	94	15.540	0.0	250.0	107.15	1723.7	0.00	0.000	-0.27
245.00	73588	0	19333	31	130.5	0.00	13.7	60.4	94	15.540	0.0	250.0	107.15	1723.7	0.00	0.000	-0.27
246.00	75022	0	19364	0	130.4	0.00	13.7	60.4	94	15.542	0.0	250.0	107.16	1723.7	0.00	0.000	-0.27
247.00	66744	0	19265	15	130.0	0.00	13.7	60.4	94	15.542	0.0	250.0	107.16	1723.7	0.00	0.000	-0.27
248.00	51004	0	19173	23	129.3	0.00	13.7	60.4	94	15.536	0.0	250.0	107.12	1723.7	0.00	0.000	-0.27
249.00	36393	0	18799	31	129.2	0.00	13.7	60.4	94	15.544	0.0	250.0	107.17	1723.7	0.00	0.000	-0.27
250.00	29832	0	18670	0	128.9	0.00	13.7	60.4	94	15.539	0.0	250.0	107.14	1723.7	0.00	0.000	-0.27
251.00	26765	0	18464	31	128.1	0.00	13.7	60.4	94	15.537	0.0	250.0	107.13	1723.7	0.00	0.000	-0.27
252.00	24895	0	18410	8	127.9	0.00	13.7	60.5	94	15.540	0.0	250.0	107.14	1723.7	0.00	0.000	-0.27
253.00	23850	0	18273	8	127.4	0.00	13.7	60.4	94	15.541	0.0	250.0	107.15	1723.7	0.00	0.000	-0.27
254.00	23225	0	18227	8	126.8	0.00	13.7	60.4	94	15.536	0.0	250.0	107.12	1723.7	0.00	0.000	-0.27
255.00	22797	0	18197	15	126.4	0.00	13.7	60.4	94	15.541	0.0	250.0	107.15	1723.7	0.00	0.000	-0.27
256.00	22416	0	18166	15	126.1	0.00	13.7	60.4	94	15.544	0.0	250.0	107.17	1723.7	0.00	0.000	-0.27
257.00	21981	0	18120	15	125.6	0.00	13.7	60.4	94	15.538	0.0	250.0	107.13	1723.7	0.00	0.000	-0.27
258.00	21897	0	18151	8	125.1	0.00	13.7	60.4	94	15.541	0.0	250.0	107.15	1723.7	0.00	0.000	-0.27
259.00	21714	0	18143	0	124.8	0.00	13.7	60.4	94	15.541	0.0	250.0	107.15	1723.7	0.00	0.000	-0.27
260.00	21653	0	18082	0	124.3	0.00	13.7	60.4	94	15.541	0.0	250.0	107.15	1723.7	0.00	0.000	-0.27
261.00	21569	0	18067	8	123.8	0.00	13.7	60.4	94	15.542	0.0	250.0	107.16	1723.7	0.00	0.000	-0.27
262.00	21500	0	18113	23	123.6	0.00	13.7	60.4	94	15.546	0.0	250.0	107.19	1723.7	0.00	0.000	-0.27
263.00	21348	0	18029	15	123.2	0.00	13.7	60.4	94	15.539	0.0	250.0	107.13	1723.7	0.00	0.000	-0.27
264.00	21157	0	18075	15	123.0	0.00	13.7	60.4	94	15.540	0.0	250.0	107.15	1723.7	0.00	0.000	-0.27
265.00	21149	0	17975	23	122.6	0.00	13.7	60.4	94	15.537	0.0	250.0	107.13	1723.7	0.00	0.000	-0.27
266.00	20981	0	17973	33	122.3	0.00	13.7	60.4	94	15.542	0.0	250.0	107.16	1723.7	0.00	0.000	-0.27
