Time (sec)	Detector 1 (uV)	Detector 2 (uV)	Detector 3 (uV)	Detector 4 (uV)	Temperature (deg C)	EC (mS/m)	MIP Pressure (psi)	MIP Flow (mL/min)	MIP Pressure (kPa)	HPT Press. (psi)	HPT Flow (mL/min)	HPT Line Press. (psi)	HPT Press. (kPa)	HPT Line Press. (kPa)	Depth (ft)	Depth (m)	HPT Screen Depth (ft)
58.00	22011	0	11368	0	133.5	0.00	13.7	59.7	95	15.605	0.0	250.0	107.59	1723.7	0.00	0.000	-0.27
59.00	22217	0	11452	0	133.4	0.00	13.7	59.7	94	15.605	0.0	250.0	107.59	1723.7	0.00	0.000	-0.27
60.00	22134	0	11490	8	133.2	0.00	13.7	59.7	94	15.605	0.0	250.0	107.59	1723.7	0.00	0.000	-0.27
61.00	22271	0	11414	8	132.9	0.00	13.7	59.7	94	15.607	0.0	250.0	107.61	1723.7	0.00	0.000	-0.27
62.00	21989	0	11345	0	132.8	0.00	13.7	59.7	94	15.608	0.0	250.0	107.61	1723.7	0.00	0.000	-0.27
63.00	22187	0	11299	0	132.6	0.00	13.7	59.7	94	15.601	0.0	250.0	107.57	1723.7	0.00	0.000	-0.27
64.00	22172	0	11452	8	132.1	0.00	13.7	59.7	94	15.607	0.0	250.0	107.61	1723.7	0.00	0.000	-0.27
65.00	22156	0	11414	0	131.5	0.00	13.7	59.7	94	15.607	0.0	250.0	107.61	1723.7	0.00	0.000	-0.27
66.00	22073	0	11444	8	131.4	0.00	13.7	59.6	94	15.602	0.0	250.0	107.57	1723.7	0.00	0.000	-0.27
67.00	22210	0	11483	8	131.1	0.00	13.7	59.7	94	15.607	0.0	250.0	107.61	1723.7	0.00	0.000	-0.27
68.00	22088	0	11322	15	130.5	0.00	13.6	59.7	94	15.610	0.0	250.0	107.62	1723.7	0.00	0.000	-0.27
69.00	22279	0	11315	0	129.9	0.00	13.6	59.6	94	15.604	0.0	250.0	107.58	1723.7	0.00	0.000	-0.27
70.00	22111	0	11330	15	129.5	0.00	13.6	59.6	94	15.608	0.0	250.0	107.61	1723.7	0.00	0.000	-0.27
71.00	22256	0	11261	8	129.2	0.00	13.6	59.6	94	15.608	0.0	250.0	107.61	1723.7	0.00	0.000	-0.27
72.00	22202	0	11292	8	128.8	0.00	13.6	59.7	94	15.602	0.0	250.0	107.57	1723.7	0.00	0.000	-0.27
73.00	22332	0	11193	31	128.1	0.00	13.6	59.7	94	15.605	0.0	250.0	107.59	1723.7	0.00	0.000	-0.27
74.00	22156	0	11208	8	127.9	0.00	13.6	59.7	94	15.610	0.0	250.0	107.62	1723.7	0.00	0.000	-0.27
75.00	22332	0	11193	0	127.6	0.00	13.6	59.6	94	15.601	0.0	250.0	107.57	1723.7	0.00	0.000	-0.27
76.00	22500	0	11177	0	126.9	0.00	13.6	59.6	94	15.606	0.0	250.0	107.60	1723.7	0.00	0.000	-0.27
77.00	22462	0	11216	0	126.7	0.00	13.6	59.6	94	15.605	0.0	250.0	107.59	1723.7	0.00	0.000	-0.27
78.00	22423	0	11155	15	126.3	0.00	13.6	59.6	94	15.606	0.0	250.0	107.60	1723.7	0.00	0.000	-0.27
79.00	22385	0	11246	8	125.8	0.00	13.6	59.6	94	15.611	0.0	250.0	107.64	1723.7	0.00	0.000	-0.27
80.00	22492	0	11170	23	125.4	0.00	13.6	59.6	94	15.605	0.0	250.0	107.59	1723.7	0.00	0.000	-0.27
81.00	22439	0	11238	8	125.1	0.00	13.6	59.6	94	15.606	0.0	250.0	107.60	1723.7	0.00	0.000	-0.27
82.00	22431	0	11162	23	124.4	0.00	13.6	59.6	94	15.609	0.0	250.0	107.62	1723.7	0.00	0.000	-0.27
83.00	22431	0	11055	8	123.8	0.00	13.6	59.6	94	15.611	0.0	250.0	107.63	1723.7	0.00	0.000	-0.27
84.00	22462	0	10872	0	123.6	0.00	13.6	59.6	93	15.608	0.0	250.0	107.62	1723.7	0.00	0.000	-0.27
85.00	22416	0	11078	23	123.4	0.00	13.6	59.6	93	15.607	0.0	250.0	107.61	1723.7	0.00	0.000	-0.27
86.00	22477	0	11063	0	123.1	0.00	13.5	59.6	93	15.605	0.0	250.0	107.59	1723.7	0.00	0.000	-0.27
87.00	22477	0	11063	0	122.6	0.00	13.5	59.6	93	15.607	0.0	250.0	107.61	1723.7	0.00	0.000	-0.27
88.00	22576	0	11063	31	122.3	0.00	13.5	59.6	93	15.612	0.0	250.0	107.64	1723.7	0.00	0.000	-0.27
89.00	22538	0	10964	0	121.8	0.00	13.5	59.6	93	15.609	0.0	250.0	107.62	1723.7	0.00	0.000	-0.27
90.00	22446	0	10979	8	121.1	0.00	13.5	59.6	93	15.605	0.0	250.0	107.59	1723.7	0.00	0.000	-0.27
91.00	22439	0	10994	31	121.0	0.00	13.5	59.6	93	15.609	0.0	250.0	107.62	1723.7	0.00	0.000	-0.27
92.00	22576	0	11040	0	120.8	0.00	13.5	59.6	93	15.614	0.0	250.0	107.65	1723.7	0.00	0.000	-0.27
93.00	22584	0	11078	0	120.2	0.00	13.5	59.6	93	15.608	0.0	250.0	107.61	1723.7	0.00	0.000	-0.27
94.00	22698	0	10979	0	119.9	0.00	13.5	59.6	93	15.609	0.0	250.0	107.62	1723.7	0.00	0.000	-0.27
95.00	22607	0	11025	8	119.9	0.00	13.5	59.6	93	15.612	0.0	250.0	107.64	1723.7	0.00	0.000	-0.27
96.00	22477	0	11155	0	119.9	0.00	13.5	59.6	93	15.614	0.0	250.0	107.66	1723.7	0.00	0.000	-0.27
97.00	22568	0	11048	15	120.2	0.00	13.5	59.6	93	15.608	0.0	250.0	107.61	1723.7	0.00	0.000	-0.27
98.00	22485	0	10895	15	120.9	0.00	13.5	59.6	93	15.597	0.0	250.0	107.54	1723.7	0.00	0.000	-0.27
99.00	22774	0	11017	8	122.5	0.00	13.5	59.6	93	15.608	0.0	250.0	107.61	1723.7	0.00	0.000	-0.27
100.00	22568	0	10857	15	124.0	0.00	13.5	59.6	93	15.607	0.0	250.0	107.61	1723.7	0.00	0.000	-0.27
101.00	22668	0	11116	8	125.5	0.00	13.5	59.6	93	15.608	0.0	250.0	107.62	1723.7	0.00	0.000	-0.27
102.00	22607	0	11101	8	127.1	0.00	13.5	59.6	93	15.606	0.0	250.0	107.60	1723.7	0.00	0.000	-0.27
103.00	22614	0	11101	8	128.5	0.00	13.5	59.6	93	15.614	0.0	250.0	107.65	1723.7	0.00	0.000	-0.27
104.00	22660	0	11063	23	129.7	0.00	13.5	59.6	93	15.605	0.0	250.0	107.60	1723.7	0.00	0.000	-0.27
105.00	22652	0	11147	15	130.6	0.00	13.4	59.6	93	15.609	0.0	250.0	107.62	1723.7	0.00	0.000	-0.27
106.00	22706	0	11124	0	131.6	0.00	13.4	59.6	93	15.608	0.0	250.0	107.61	1723.7	0.00	0.000	-0.27
107.00	22759	0	11109	0	132.3	0.00	13.4	59.6	93	15.608	0.0	250.0	107.61	1723.7	0.00	0.000	-0.27
108.00	22675	0	11032	8	132.8	0.00	13.4	59.6	93	15.605	0.0	250.0	107.59	1723.7	0.00	0.000	-0.27
109.00	22805	0	11063	0	132.9	0.00	13.4	59.6	93	15.611	0.0	250.0	107.63	1723.7	0.00	0.000	-0.27
110.00	22698	0	11063	23	133.1	0.00	13.4	59.6	93	15.608	0.0	250.0	107.62	1723.7	0.00	0.000	-0.27
111.00	22706	0	11017	8	133.2	0.00	13.4	59.6	92	15.611	0.0	250.0	107.63	1723.7	0.00	0.000	-0.27
112.00	22744	0	11055	0	133.3	0.00	13.4	59.6	92	15.608	0.0	250.0	107.61	1723.7	0.00	0.000	-0.27
113.00	22706	0	10979	23	133.4	0.00	13.4	59.6	92	15.612	0.0	250.0	107.64	1723.7	0.00	0.000	-0.27
114.00	22935	0	10918	8	133.5	0.00	13.4	59.6	92	15.614	0.0	250.0	107.65	1723.7	0.00	0.000	-0.27
115.00	22797	0	11048	8	133.2	0.00	13.4	59.6	92	15.611	0.0	250.0	107.63	1723.7	0.00	0.000	-0.27
116.00	22835	0	11055	0	132.9	0.00	13.4	59.6	92	15.609	0.0	250.0	107.62	1723.7	0.00	0.000	-0.27
117.00	22942	0	11055	0	132.5	0.00	13.4	59.6	92	15.608	0.0	250.0	107.61	1723.7	0.00	0.000	-0.27
118.00	22835	0	11277	8	132.4	0.00	13.4	59.6	92	15.610	0.0	250.0	107.63	1723.7	0.00	0.000	-0.27
119.00	22897	0	11414	23	132.2	0.00	13.4	59.6	92	15.615	0.0	250.0	107.66	1723.7	0.00	0.000	-0.27
120.00	22851	0	11429	0	131.8	0.00	13.4	59.6	92	15.607	0.0	250.0	107.61	1723.7	0.00	0.000	-0.27
121.00	22843	0	11521	31	131.2	0.00	13.4	59.6	92	15.611	0.0	250.0	107.63	1723.7	0.00	0.000	-0.27
122.00	22874	0	11498	0	131.0	0.00	13.4	59.6	92	15.615	0.0	250.0	107.66	1723.7	0.00	0.000	-0.27
123.00	22942	0	11521	15	130.6	0.00	13.4	59.6	92	15.607	0.0	250.0	107.60	1723.7	0.00	0.000	-0.27
124.00	23118	0	11498	38	129.9	0.00	13.3	59.6	92	15.611	0.0	250.0	107.64	1723.7	0.00	0.000	-0.27
125.00	22980	0	11551	15	129.7	0.00	13.3	59.6	92	15.607	0.0	250.0	107.61	1723.7	0.00	0.000	-0.27
126.00	22881	0	11444	8	129.4	0.00	13.3	59.6	92	15.607	0.0	250.0	107.60	1723.7	0.00	0.000	-0.27
127.00	23080	0	11544	15	128.7	0.00	13.3	59.6	92	15.612	0.0	250.0	107.64	1723.7	0.00	0.000	-0.27
128.00	22973	0	11567	8	128.4	0.00	13.3	59.6	92	15.613	0.0	250.0	107.65	1723.7	0.00	0.000	-0.27
129.00	22980	0	11574	8	128.0	0.00	13.3	59.5	92	15.610	0.0	250.0	107.63	1723.7	0.00	0.000	-0.27
130.00	23087	0	11559	0	127.4	0.00	13.3	59.6	92	15.610	0.0	250.0	107.63	1723.7	0.00	0.000	-0.27
131.00	23087	0	11521	8	127.0	0.00	13.3	59.6	92	15.616	0.0	250.0	107.67	1723.7	0.00	0.000	-0.27
132.00	23080	0	11544	0	126.7	0.00	13.3	59.5	92	15.609	0.0	250.0	107.62	1723.7	0.00	0.000	-0.27
133.00	23278	0	11513	23	126.3	0.00	13.3	59.5	92	15.610	0.0	250.0	107.63	1723.7	0.00	0.000	-0.27
134.00	23087	0	11666	0	125.8	0.00	13.3	59.6	92	15.609	0.0	250.0	107.62	1723.7	0.00	0.000	-0.27
135.00	23064	0	11643	0	125.5	0.00	13.3	59.5	92	15.612	0.0	250.0	107.64	1723.7	0.00	0.000	-0.27
136.00	23103	0	11528	0	125.1	0.00	13.3	59.5	92	15.611	0.0	250.0	107.63	1723.7	0.00	0.000	-0.27
137.00	23072	0	11567	0	124.4	0.00	13.3	59.5	92	15.613	0.0	250.0	107.65	1723.7	0.00	0.000	-0.27
138.00	23171	0	11521	15	124.1	0.00	13.3	59.5	92	15.605	0.0	250.0	107.59	1723.7	0.00	0.000	-0.27
139.00	23156	0	11475	0	123.7	0.00	13.3	59.5	92	15.609	0.0	250.0	107.62	1723.7	0.00	0.000	-0.27
140.00	23110	0	11452	0	123.5	0.00	13.3	59.5	91	15.611	0.0	250.0	107.63	1723.7	0.00	0.000	-0.27
141.00	23255	0	11551	15	123.0	0.00	13.3	59.5	91	15.612	0.0	250.0	107.64	1723.7	0.00	0.000	-0.27
142.00	23110	0	11475	31	122.4	0.00	13.3	59.5	91	15.608	0.0	250.0	107.61	1723.7	0.00	0.000	-0.27
143.00	23011	0	11536	8	121.5	0.00	13.3	45.5	92	15.612	0.0	250.0	107.64	1723.7	0.00	0.000	-0.27
144.00	23003	0	11536	38	121.1	0.00	14.2	18.6	98	15.603	0.0	250.0	107.58	1723.7	0.00	0.000	-0.27
145.00	23110	0	11483	15	120.5	0.00	15.4	18.5	106	15.611	0.0	250.0	107.63	1723.7	0.00	0.000	-0.27
146.00	23103	0	11536	0	119.1	0.00	16.6	18.5	114	15.608	0.0	250.0	107.61	1723.7	0.00	0.000	-0.27
147.00	23103	0	11628	0	118.2	0.00	17.8	18.5	123	15.607	0.0	250.0	107.61	1723.7	0.00	0.000	-0.27
148.00	23225	0	11414	8	117.7	0.00	18.9	18.5	131	15.609	0.0	250.0	107.62	1723.7	0.00	0.000	-0.27
149.00	23217	0	11467	8	117.3	0.00	20.1	18.5	139	15.611	0.0	250.0	107.64	1723.7	0.00	0.000	-0.27
150.00	23232	0	11528	8	117.2	0.00	21.3	18.4	147	15.604	0.0	250.0	107.59	1723.7	0.00	0.000	-0.27
151.00	23186	0	11536	8	117.4	0.00	22.4	17.3	154	15.606	0.0	250.0	107.60	1723.7	0.00	0.000	-0.27
152.00	23118	0	11475	8	118.1	0.00	23.2	8.4	160	15.611	0.0	250.0	107.64	1723.7	0.00	0.000	-0.27
153.00	23209	0	11422	23	119.1	0.00	23.7	4.6	163	15.606	0.0	250.0	107.60	1723.7	0.00	0.000	-0.27
154.00	23179	0	11467	0	120.2	0.00	24.2	10.6	167	15.605	0.0	250.0	107.59	1723.7	0.00	0.000	-0.27
155.00	23309	0	11299	8	121.8	0.00	24.9	10.3	172	15.607	0.0	250.0	107.60	1723.7	0.00	0.000	-0.27
156.00	23293	0	11330	8	123.2	0.00	25.5	8.0	176	15.608	0.0	250.0	107.61	1723.7	0.00	0.000	-0.27
157.00	23141	0	11368	8	124.7	0.00	26.0	5.8	179	15.606	0.0	250.0	107.60	1723.7	0.00	0.000	-0.27
158.00	23316	0	11368	0	126.1	0.00	26.3	3.7	182	15.608	0.0	250.0	107.61	1723.7	0.00	0.000	-0.27
159.00	23133	0	11147	0	127.3	0.00	26.6	2.1	183	15.607	0.0	250.0	107.61	1723.7	0.00	0.000	-0.27
160.00	23263	0	11231	8	128.4	0.00	26.7	1.1	184	15.607	0.0	250.0	107.61	1723.7	0.00	0.000	-0.27
161.00	23247	0	11269	8	129.2	0.00	26.8	0.5	185	15.606	0.0	250.0	107.60	1723.7	0.00	0.000	-0.27
162.00	23293	0	11155	23	129.8	0.00	26.8	0.1	185	15.605	0.0	250.0	107.59	1723.7	0.00	0.000	-0.27
163.00	23202	0	11299	31	129.9	0.00	26.9	0.0	185	15.606	0.0	250.0	107.60	1723.7	0.00	0.000	-0.27
164.00	23347	0	11155	8	130.0	0.00	26.9	0.0	185	15.609	0.0	250.0	107.62	1723.7	0.00	0.000	-0.27
165.00	23339	0	11208	0	130.0	0.00	26.9	0.0	185	15.606	0.0	250.0	107.60	1723.7	0.00	0.000	-0.27
166.00	23339	0	11345	15	129.9	0.00	26.9	0.0	186	15.606	0.0	250.0	107.60	1723.7	0.00	0.000	-0.27
167.00	23377	0	11139	23	129.7	0.00	26.9	0.0	186	15.606	0.0	250.0	107.60	1723.7	0.00	0.000	-0.27
168.00	23347	0	11147	15	129.1	0.00	26.9	0.0	186	15.604	0.0	250.0	107.58	1723.7	0.00	0.000	-0.27
169.00	23278	0	11185	0	128.8	0.00	26.9	0.0	186	15.606	0.0	250.0	107.60	1723.7	0.00	0.000	-0.27
170.00	23377	0	11109	8	128.5	0.00	26.9	0.0	186	15.614	0.0	250.0	107.65	1723.7	0.00	0.000	-0.27
171.00	23247	0	11116	8	127.7	0.00	26.9	0.0	186	15.612	0.0	250.0	107.64	1723.7	0.00	0.000	-0.27
172.00	23446	0	11162	15	126.6	0.00	26.9	0.0	186	15.608	0.0	250.0	107.61	1723.7	0.00	0.000	-0.27
173.00	23400	0	11086	8	125.8	0.00	26.9	0.0	186	15.607	0.0	250.0	107.61	1723.7	0.00	0.000	-0.27
174.00	23293	0	11071	23	125.0	0.00	27.0	0.0	186	15.607	0.0	250.0	107.61	1723.7	0.00	0.000	-0.27
175.00	23476	0	11231	15	124.4	0.00	26.9	0.0	186	15.605	0.0	250.0	107.59	1723.7	0.00	0.000	-0.27
176.00	23370	0	11208	0	124.1	0.00	26.9	0.0	186	15.612	0.0	250.0	107.64	1723.7	0.00	0.000	-0.27
177.00	23400	0	11185	15	123.4	0.00	27.0	0.0	186	15.609	0.0	250.0	107.62	1723.7	0.00	0.000	-0.27
178.00	23431	0	11193	8	122.3	0.00	27.0	0.0	186	15.608	0.0	250.0	107.61	1723.7	0.00	0.000	-0.27
179.00	23400	0	11132	0	121.7	0.00	27.0	0.0	186	15.609	0.0	250.0	107.62	1723.7	0.00	0.000	-0.27
180.00	23545	0	11185	0	121.2	0.00	27.0	0.0	186	15.606	0.0	250.0	107.60	1723.7	0.00	0.000	-0.27
181.00	23301	0	11101	15	120.2	0.00	27.0	0.0	186	15.604	0.0	250.0	107.58	1723.7	0.00	0.000	-0.27
182.00	23446	0	11170	0	119.6	0.00	27.0	0.0	186	15.607	0.0	250.0	107.61	1723.7	0.00	0.000	-0.27
183.00	23545	0	11124	15	118.8	0.00	27.0	0.0	186	15.606	0.0	250.0	107.60	1723.7	0.00	0.000	-0.27
184.00	23606	0	11223	23	118.3	0.00	27.0	0.0	186	15.606	0.0	250.0	107.60	1723.7	0.00	0.000	-0.27
185.00	23469	0	11063	15	118.2	0.00	27.0	0.0	186	15.605	0.0	250.0	107.59	1723.7	0.00	0.000	-0.27
186.00	23392	0	11078	8	118.2	0.00	27.0	0.0	186	15.602	0.0	250.0	107.57	1723.7	0.00	0.000	-0.27
187.00	23698	0	11193	23	118.5	0.00	24.6	81.9	170	15.610	0.0	250.0	107.63	1723.7	0.00	0.000	-0.27
188.00	23652	0	11177	38	119.0	0.00	19.4	130.1	134	15.618	0.0	250.0	107.68	1723.7	0.00	0.000	-0.27
189.00	23774	0	11177	23	120.6	0.00	16.5	121.7	113	15.604	0.0	250.0	107.59	1723.7	0.00	0.000	-0.27
190.00	23659	0	11170	0	122.0	0.00	14.9	97.4	103	15.609	0.0	250.0	107.62	1723.7	0.00	0.000	-0.27
191.00	23682	0	11185	15	123.5	0.00	14.0	83.5	96	15.611	0.0	250.0	107.63	1723.7	0.00	0.000	-0.27
192.00	23789	0	11147	8	124.6	0.00	13.4	75.7	92	15.606	0.0	250.0	107.60	1723.7	0.00	0.000	-0.27
193.00	23873	0	11048	8	125.1	0.00	13.0	71.1	89	15.609	0.0	250.0	107.62	1723.7	0.00	0.000	-0.27
194.00	23789	0	11193	38	126.2	0.00	12.7	68.0	87	15.612	0.0	250.0	107.64	1723.7	0.00	0.000	-0.27
195.00	23751	0	11093	0	127.9	0.00	12.5	65.9	86	15.605	0.0	250.0	107.59	1723.7	0.00	0.000	-0.27
196.00	23919	0	11055	0	128.3	0.00	12.3	64.2	85	15.605	0.0	250.0	107.59	1723.7	0.00	0.000	-0.27
197.00	23751	0	10971	23	128.5	0.00	12.2	63.0	84	15.607	0.0	250.0	107.61	1723.7	0.00	0.000	-0.27
198.00	23804	0	11101	8	128.7	0.00	12.1	62.0	83	15.606	0.0	250.0	107.60	1723.7	0.00	0.000	-0.27
199.00	23789	0	11139	8	128.9	0.00	12.0	61.2	83	15.604	0.0	250.0	107.58	1723.7	0.00	0.000	-0.27
200.00	23904	0	11261	0	128.9	0.00	12.0	60.5	83	15.608	0.0	250.0	107.62	1723.7	0.00	0.000	-0.27
201.00	23881	0	11101	15	128.6	0.00	12.0	60.0	83	15.605	0.0	250.0	107.60	1723.7	0.00	0.000	-0.27
202.00	23904	0	11116	0	128.1	0.00	12.0	59.6	83	15.614	0.0	250.0	107.65	1723.7	0.00	0.000	-0.27
203.00	23705	0	11002	0	127.7	0.00	12.0	59.3	83	15.611	0.0	250.0	107.63	1723.7	0.00	0.000	-0.27
204.00	23812	0	11238	0	127.1	0.00	12.0	59.0	83	15.606	0.0	250.0	107.60	1723.7	0.00	0.000	-0.27
205.00	23888	0	11116	8	126.3	0.00	12.0	58.8	83	15.608	0.0	250.0	107.61	1723.7	0.00	0.000	-0.27
206.00	24003	0	11162	0	125.9	0.00	12.1	58.6	83	15.610	0.0	250.0	107.63	1723.7	0.00	0.000	-0.27
207.00	24003	0	11185	23	125.5	0.00	12.1	58.5	83	15.600	0.0	250.0	107.56	1723.7	0.00	0.000	-0.27
208.00	23865	0	11177	23	124.9	0.00	12.1	58.4	84	15.606	0.0	250.0	107.60	1723.7	0.00	0.000	-0.27
209.00	23949	0	11116	8	123.9	0.00	12.2	58.3	84	15.607	0.0	250.0	107.61	1723.7	0.00	0.000	-0.27
210.00	23789	0	11093	23	123.5	0.00	12.2	58.2	84	15.606	0.0	250.0	107.60	1723.7	0.00	0.000	-0.27
211.00	23927	0	10971	15	123.0	0.00	12.3	58.2	85	15.606	0.0	250.0	107.60	1723.7	0.00	0.000	-0.27
212.00	23927	0	11147	8	122.2	0.00	12.3	58.1	85	15.609	0.0	250.0	107.62	1723.7	0.00	0.000	-0.27
213.00	23911	0	11132	23	121.2	0.00	12.4	58.1	85	15.607	0.0	250.0	107.61	1723.7	0.00	0.000	-0.27
214.00	23980	0	11208	15	120.3	0.00	12.4	58.1	86	15.603	0.0	250.0	107.58	1723.7	0.00	0.000	-0.27
215.00	23949	0	11208	0	120.2	0.00	12.4	58.1	86	15.604	0.0	250.0	107.58	1723.7	0.00	0.000	-0.27
216.00	23988	0	11147	38	119.7	0.00	12.5	58.1	86	15.609	0.0	250.0	107.62	1723.7	0.00	0.000	-0.27
217.00	24010	0	11185	31	119.0	0.00	12.5	58.1	86	15.606	0.0	250.0	107.60	1723.7	0.00	0.000	-0.27
218.00	23934	0	11124	0	118.7	0.00	12.6	58.1	87	15.602	0.0	250.0	107.57	1723.7	0.00	0.000	-0.27
219.00	24140	0	11040	15	118.7	0.00	12.6	58.1	87	15.599	0.0	250.0	107.55	1723.7	0.00	0.000	-0.27
220.00	23995	0	11177	0	118.8	0.00	12.7	58.1	87	15.604	0.0	250.0	107.58	1723.7	0.00	0.000	-0.27
221.00	24018	0	11139	15	119.4	0.00	12.7	58.1	88	15.604	0.0	250.0	107.58	1723.7	0.00	0.000	-0.27
222.00	24026	0	11246	31	121.1	0.00	12.7	58.1	88	15.605	0.0	250.0	107.59	1723.7	0.00	0.000	-0.27
223.00	24125	0	11177	8	122.2	0.00	12.8	58.1	88	15.609	0.0	250.0	107.62	1723.7	0.00	0.000	-0.27
224.00	24201	0	11101	8	123.5	0.00	12.8	58.1	88	15.609	0.0	250.0	107.62	1723.7	0.00	0.000	-0.27
225.00	24041	0	11200	15	125.0	0.00	12.9	58.1	89	15.602	0.0	250.0	107.58	1723.7	0.00	0.000	-0.27
226.00	24064	0	11139	15	125.8	0.00	12.9	58.1	89	15.604	0.0	250.0	107.58	1723.7	0.00	0.000	-0.27
227.00	24178	0	11124	15	126.6	0.00	13.0	58.2	89	15.608	0.0	250.0	107.62	1723.7	0.00	0.000	-0.27
228.00	24033	0	10910	23	128.2	0.00	13.0	58.2	90	15.605	0.0	250.0	107.59	1723.7	0.00	0.000	-0.27
229.00	24071	0	11086	23	129.6	0.00	13.0	58.2	90	15.609	0.0	250.0	107.62	1723.7	0.00	0.000	-0.27
230.00	24087	0	11055	8	130.3	0.00	13.1	58.2	90	15.604	0.0	250.0	107.59	1723.7	0.00	0.000	-0.27
231.00	24186	0	11063	8	130.5	0.00	13.1	58.2	90	15.604	0.0	250.0	107.59	1723.7	0.00	0.000	-0.27
232.00	24125	0	10964	0	130.7	0.00	13.1	58.3	91	15.607	0.0	250.0	107.61	1723.7	0.00	0.000	-0.27
233.00	24178	0	10910	8	130.9	0.00	13.2	58.3	91	15.611	0.0	250.0	107.64	1723.7	0.00	0.000	-0.27
234.00	24216	0	10865	0	131.1	0.00	13.2	58.3	91	15.602	0.0	250.0	107.57	1723.7	0.00	0.000	-0.27
235.00	24201	0	10819	15	131.2	0.00	13.2	58.3	91	15.599	0.0	250.0	107.55	1723.7	0.00	0.000	-0.27
236.00	24216	0	10994	15	131.2	0.00	13.3	58.4	92	15.608	0.0	250.0	107.62	1723.7	0.00	0.000	-0.27
237.00	24277	0	10987	15	131.0	0.00	13.3	58.4	92	15.606	0.0	250.0	107.60	1723.7	0.00	0.000	-0.27
238.00	24247	0	10971	8	130.8	0.00	13.3	58.4	92	15.608	0.0	250.0	107.61	1723.7	0.00	0.000	-0.27
239.00	24285	0	10926	15	130.4	0.00	13.4	58.4	92	15.605	0.0	250.0	107.59	1723.7	0.00	0.000	-0.27
240.00	24224	0	10910	23	129.7	0.00	13.4	58.4	92	15.605	0.0	250.0	107.59	1723.7	0.00	0.000	-0.27
241.00	24300	0	10804	31	129.6	0.00	13.4	58.4	93	15.607	0.0	250.0	107.60	1723.7	0.00	0.000	-0.27
242.00	24064	0	11017	23	129.3	0.00	13.5	58.4	93	15.606	0.0	250.0	107.60	1723.7	0.00	0.000	-0.27
243.00	24087	0	11513	8	128.6	0.00	13.5	58.4	93	15.605	0.0	250.0	107.60	1723.7	0.00	0.000	-0.27
244.00	24209	0	11666	8	128.4	0.00	13.5	58.4	93	15.609	0.0	250.0	107.62	1723.7	0.00	0.000	-0.27
245.00	24209	0	11628	23	128.1	0.00	13.5	58.4	93	15.606	0.0	250.0	107.60	1723.7	0.00	0.000	-0.27
246.00	24071	0	11788	53	127.3	0.00	13.6	58.3	94	15.602	0.0	250.0	107.57	1723.7	0.00	0.000	-0.27
247.00	24407	0	11879	0	127.1	0.00	13.6	58.2	94	15.605	0.0	250.0	107.60	1723.7	0.00	0.000	-0.27
248.00	24667	0	12047	0	126.7	0.00	13.7	58.2	94	15.608	0.0	250.0	107.61	1723.7	0.00	0.000	-0.27
249.00	25323	0	12162	15	125.9	0.00	13.7	58.1	94	15.602	0.0	250.0	107.57	1723.7	0.00	0.000	-0.27
250.00	26086	0	12040	23	125.6	0.00	13.7	58.1	95	15.603	0.0	250.0	107.58	1723.7	0.00	0.000	-0.27
251.00	26490	0	12162	38	125.3	0.00	13.8	58.1	95	15.607	0.0	250.0	107.61	1723.7	0.00	0.000	-0.27
252.00	26597	0	12162	15	124.6	0.00	13.8	58.0	95	15.610	0.0	250.0	107.63	1723.7	0.00	0.000	-0.27
253.00	26368	0	12185	15	124.1	0.00	13.8	58.0	95	15.605	0.0	250.0	107.59	1723.7	0.00	0.000	-0.27
254.00	26284	0	12017	0	123.8	0.00	13.9	58.0	96	15.607	0.0	250.0	107.61	1723.7	0.00	0.000	-0.27
255.00	26200	0	12123	0	123.5	0.00	13.9	58.0	96	15.603	0.0	250.0	107.58	1723.7	0.00	0.000	-0.27
256.00	26391	0	12055	8	123.0	0.00	14.0	58.0	96	15.603	0.0	250.0	107.58	1723.7	0.00	0.000	-0.27
257.00	26574	0	12062	23	122.5	0.00	14.0	58.0	97	15.607	0.0	250.0	107.61	1723.7	0.00	0.000	-0.27
258.00	27612	0	12391	15	122.2	0.00	14.0	58.1	97	15.603	0.0	250.0	107.58	1723.7	0.00	0.000	-0.27
259.00	30015	0	13970	8	121.8	0.00	14.1	58.1	97	15.600	0.0	250.0	107.56	1723.7	0.00	0.000	-0.27
260.00	33021	0	16938	15	121.3	0.00	14.1	58.1	97	15.607	0.0	250.0	107.61	1723.7	0.00	0.000	-0.27
261.00	34646	0	20272	15	121.1	0.00	14.2	58.1	98	15.605	0.0	250.0	107.59	1723.7	0.00	0.000	-0.27
262.00	34623	0	21691	8	120.8	0.00	14.2	58.1	98	15.603	0.0	250.0	107.58	1723.7	0.00	0.000	-0.27
263.00	34211	0	21180	15	120.1	0.00	14.2	58.1	98	15.606	0.0	250.0	107.60	1723.7	0.00	0.000	-0.27
264.00	33975	0	19814	15	119.8	0.00	14.3	58.1	98	15.602	0.0	250.0	107.57	1723.7	0.00	0.000	-0.27
265.00	33586	0	18494	15	119.7	0.00	14.3	58.2	99	15.607	0.0	250.0	107.61	1723.7	0.00	0.000	-0.27
266.00	33227	0	17548	31	119.7	0.00	14.3	58.2	99	15.606	0.0	250.0	107.60	1723.7	0.00	0.000	-0.27
267.00	33021	0	16800	23	119.8	0.00	14.4	58.2	99	15.606	0.0	250.0	107.60	1723.7	0.00	0.000	-0.27
268.00	32609	0	16266	8	120.2	0.00	14.4	58.3	99	15.601	0.0	250.0	107.56	1723.7	0.00	0.000	-0.27
269.00	32525	0	15885	0	121.7	0.00	14.4	58.4	100	15.604	0.0	250.0	107.58	1723.7	0.00	0.000	-0.27
270.00	30641	0	15252	0	123.0	0.00	14.5	58.5	100	15.599	0.0	250.0	107.55	1723.7	0.00	0.000	-0.27
271.00	29168	0	12619	0	124.7	0.00	14.5	58.6	100	15.603	0.0	250.0	107.58	1723.7	0.00	0.000	-0.27
272.00	29351	0	11544	0	126.3	0.00	14.5	58.7	100	15.607	0.0	250.0	107.61	1723.7	0.00	0.000	-0.27
273.00	30099	0	11391	0	127.7	0.00	14.5	58.9	100	15.604	0.0	250.0	107.59	1723.7	0.00	0.000	-0.27
274.00	31869	0	11322	15	128.9	0.00	14.5	59.0	100	15.605	0.0	250.0	107.59	1723.7	0.00	0.000	-0.27
275.00	34677	0	11422	8	130.3	0.00	14.5	59.0	100	15.603	0.0	250.0	107.58	1723.7	0.00	0.000	-0.27
276.00	37561	0	11414	8	131.3	0.00	14.5	59.1	100	15.604	0.0	250.0	107.58	1723.7	0.00	0.000	-0.27
277.00	39872	0	11505	15	132.2	0.00	14.6	59.2	100	15.604	0.0	250.0	107.58	1723.7	0.00	0.000	-0.27
278.00	41147	0	11574	0	132.8	0.00	14.6	59.2	100	15.607	0.0	250.0	107.61	1723.7	0.00	0.000	-0.27
279.00	41292	0	11734	0	132.8	0.00	14.6	59.3	100	15.608	0.0	250.0	107.61	1723.7	0.00	0.000	-0.27
280.00	40246	0	11704	8	133.0	0.00	14.6	59.3	100	15.604	0.0	250.0	107.58	1723.7	0.00	0.000	-0.27
281.00	38980	0	11582	0	133.5	0.00	14.6	59.3	100	15.610	0.0	250.0	107.63	1723.7	0.00	0.000	-0.27
282.00	37545	0	11834	23	133.7	0.00	14.6	59.3	100	15.606	0.0	250.0	107.60	1723.7	0.00	0.000	-0.27
283.00	35798	0	11811	8	133.5	0.00	14.5	59.4	100	15.606	0.0	250.0	107.60	1723.7	0.00	0.000	-0.27
284.00	34333	0	11902	0	133.5	0.00	14.5	59.4	100	15.609	0.0	250.0	107.62	1723.7	0.00	0.000	-0.27
285.00	32937	0	12001	0	133.4	0.00	14.5	59.4	100	15.604	0.0	250.0	107.59	1723.7	0.00	0.000	-0.27
286.00	31663	0	12093	8	133.2	0.00	14.5	59.4	100	15.604	0.0	250.0	107.58	1723.7	0.00	0.000	-0.27
287.00	30900	0	12093	0	133.0	0.00	14.5	59.4	100	15.602	0.0	250.0	107.58	1723.7	0.00	0.000	-0.27
288.00	30190	0	12116	0	132.7	0.00	14.5	59.4	100	15.603	0.0	250.0	107.58	1723.7	0.00	0.000	-0.27
289.00	29473	0	12185	0	132.1	0.00	14.5	59.4	100	15.599	0.0	250.0	107.55	1723.7	0.00	0.000	-0.27
290.00	29077	0	12207	15	131.8	0.00	14.5	59.4	100	15.606	0.0	250.0	107.60	1723.7	0.00	0.000	-0.27
291.00	28687	0	12261	8	131.4	0.00	14.5	59.4	100	15.607	0.0	250.0	107.61	1723.7	0.00	0.000	-0.27
292.00	28230	0	12459	0	131.2	0.00	14.5	59.4	100	15.605	0.0	250.0	107.59	1723.7	0.00	0.000	-0.27
293.00	27985	0	12429	23	130.7	0.00	14.5	59.4	100	15.605	0.0	250.0	107.60	1723.7	0.00	0.000	-0.27
294.00	27520	0	12520	0	129.8	0.00	14.5	59.4	100	15.604	0.0	250.0	107.59	1723.7	0.00	0.000	-0.27
295.00	27306	0	12513	0	129.7	0.00	14.5	59.4	100	15.599	0.0	250.0	107.55	1723.7	0.00	0.000	-0.27
296.00	27123	0	12680	15	129.4	0.00	14.5	59.4	100	15.605	0.0	250.0	107.59	1723.7	0.00	0.000	-0.27
297.00	26612	0	12803	23	128.7	0.00	14.5	59.4	100	15.601	0.0	250.0	107.57	1723.7	0.00	0.000	-0.27
298.00	26498	0	12780	15	128.0	0.00	14.5	59.4	100	15.604	0.0	250.0	107.58	1723.7	0.00	0.000	-0.27
299.00	26337	0	12734	23	128.0	0.00	14.5	59.4	100	15.608	0.0	250.0	107.61	1723.7	0.00	0.000	-0.27
300.00	26093	0	12810	15	127.6	0.00	14.5	59.4	100	15.599	0.0	250.0	107.55	1723.7	0.00	0.000	-0.27
301.00	25971	0	12841	0	127.1	0.00	14.5	59.4	100	15.609	0.0	250.0	107.62	1723.7	0.00	0.000	-0.27
302.00	25887	0	12925	38	126.3	0.00	14.5	59.4	100	15.607	0.0	250.0	107.61	1723.7	0.00	0.000	-0.27
303.00	25765	0	12978	0	126.0	0.00	14.5	59.4	100	15.603	0.0	250.0	107.58	1723.7	0.00	0.000	-0.27
304.00	26063	0	12963	15	125.8	0.00	14.5	59.4	100	15.601	0.0	250.0	107.57	1723.7	0.00	0.000	-0.27
305.00	26040	0	12925	23	125.4	0.00	14.4	59.4	100	15.607	0.0	250.0	107.61	1723.7	0.00	0.000	-0.27
306.00	26025	0	12734	8	124.5	0.00	14.4	59.4	100	15.597	0.0	250.0	107.54	1723.7	0.00	0.000	-0.27
307.00	26070	0	12757	0	124.4	0.00	14.4	59.4	100	15.602	0.0	250.0	107.57	1723.7	0.00	0.000	-0.27
308.00	26101	0	12528	23	124.0	0.00	14.4	59.4	99	15.608	0.0	250.0	107.61	1723.7	0.00	0.000	-0.27
309.00	26063	0	12551	8	123.3	0.00	14.4	59.4	99	15.603	0.0	250.0	107.58	1723.7	0.00	0.000	-0.27
310.00	26086	0	12383	8	123.1	0.00	14.4	59.4	99	15.607	0.0	250.0	107.61	1723.7	0.00	0.000	-0.27
311.00	25948	0	12444	8	122.8	0.00	14.4	59.4	99	15.602	0.0	250.0	107.57	1723.7	0.00	0.000	-0.27
312.00	25887	0	12337	15	122.2	0.00	14.4	59.4	99	15.602	0.0	250.0	107.57	1723.7	0.00	0.000	-0.27
313.00	25811	0	12238	0	121.9	0.00	14.4	59.4	99	15.602	0.0	250.0	107.57	1723.7	0.00	0.000	-0.27
314.00	25788	0	12192	8	121.7	0.00	14.4	59.4	99	15.603	0.0	250.0	107.58	1723.7	0.00	0.000	-0.27
315.00	25750	0	12200	23	121.3	0.00	14.4	59.4	99	15.603	0.0	250.0	107.58	1723.7	0.00	0.000	-0.27
316.00	25750	0	12055	8	120.8	0.00	14.4	59.4	99	15.603	0.0	250.0	107.58	1723.7	0.00	0.000	-0.27
317.00	25628	0	12017	8	120.2	0.00	14.4	59.4	99	15.614	0.0	250.0	107.65	1723.7	0.00	0.000	-0.27
318.00	25620	0	12062	38	119.9	0.00	14.4	59.4	99	15.605	0.0	250.0	107.59	1723.7	0.00	0.000	-0.27
319.00	25559	0	11971	0	119.7	0.00	14.4	59.4	99	15.607	0.0	250.0	107.61	1723.7	0.00	0.000	-0.27
320.00	25658	0	12017	23	119.4	0.00	14.4	59.4	99	15.605	0.0	250.0	107.59	1723.7	0.00	0.000	-0.27
321.00	25582	0	11917	15	119.4	0.00	14.3	59.4	99	15.606	0.0	250.0	107.60	1723.7	0.00	0.000	-0.27
322.00	25590	0	11971	15	119.8	0.00	14.3	59.4	99	15.603	0.0	250.0	107.58	1723.7	0.00	0.000	-0.27
323.00	25353	0	11864	15	120.7	0.00	14.4	48.1	99	15.608	0.0	250.0	107.62	1723.7	0.00	0.000	-0.27
324.00	25445	0	11925	8	122.5	0.00	15.3	18.5	105	15.598	0.0	250.0	107.55	1723.7	0.00	0.000	-0.27
325.00	25147	0	11795	0	123.8	0.00	16.4	18.4	113	15.604	0.0	250.0	107.59	1723.7	0.00	0.000	-0.27
326.00	25239	0	11780	23	125.3	0.00	17.6	18.4	121	15.601	0.0	250.0	107.57	1723.7	0.00	0.000	-0.27
327.00	25369	0	11887	15	127.0	0.00	18.8	18.4	129	15.599	0.0	250.0	107.55	1723.7	0.00	0.000	-0.27
328.00	25185	0	11795	8	128.4	0.00	19.9	18.4	137	15.603	0.0	250.0	107.58	1723.7	0.00	0.000	-0.27
329.00	25140	0	11803	23	129.9	0.00	21.1	18.3	145	15.601	0.0	250.0	107.57	1723.7	0.00	0.000	-0.27
330.00	25002	0	11612	0	130.8	0.00	22.3	17.7	153	15.602	0.0	250.0	107.57	1723.7	0.00	0.000	-0.27
331.00	25018	0	11750	8	131.8	0.00	23.2	9.3	160	15.604	0.0	250.0	107.58	1723.7	0.00	0.000	-0.27
332.00	25063	0	11673	15	132.4	0.00	23.6	4.6	163	15.605	0.0	250.0	107.59	1723.7	0.00	0.000	-0.27
333.00	25010	0	11757	15	132.6	0.00	24.1	9.9	166	15.597	0.0	250.0	107.54	1723.7	0.00	0.000	-0.27
334.00	24865	0	11597	8	133.0	0.00	24.8	10.5	171	15.599	0.0	250.0	107.55	1723.7	0.00	0.000	-0.27
335.00	24895	0	11757	8	133.7	0.00	25.4	8.3	175	15.604	0.0	250.0	107.58	1723.7	0.00	0.000	-0.27
336.00	24873	0	11673	0	133.9	0.00	25.9	6.1	179	15.603	0.0	250.0	107.58	1723.7	0.00	0.000	-0.27
337.00	24888	0	11643	23	133.7	0.00	26.3	3.9	181	15.599	0.0	250.0	107.55	1723.7	0.00	0.000	-0.27
338.00	24934	0	11567	8	133.8	0.00	26.5	2.2	183	15.601	0.0	250.0	107.57	1723.7	0.00	0.000	-0.27
339.00	24812	0	11582	0	133.7	0.00	26.7	1.1	184	15.604	0.0	250.0	107.59	1723.7	0.00	0.000	-0.27
340.00	24781	0	11643	38	133.6	0.00	26.7	0.5	184	15.605	0.0	250.0	107.59	1723.7	0.00	0.000	-0.27
341.00	24819	0	11635	0	133.3	0.00	26.8	0.1	185	15.606	0.0	250.0	107.60	1723.7	0.00	0.000	-0.27
342.00	24728	0	11559	0	132.8	0.00	26.8	0.0	185	15.605	0.0	250.0	107.59	1723.7	0.00	0.000	-0.27
343.00	24895	0	11589	15	132.7	0.00	26.9	0.0	185	15.604	0.0	250.0	107.58	1723.7	0.00	0.000	-0.27
344.00	24743	0	11505	15	132.5	0.00	26.9	0.0	185	15.607	0.0	250.0	107.61	1723.7	0.00	0.000	-0.27
345.00	24880	0	11589	23	131.9	0.00	26.9	0.0	185	15.602	0.0	250.0	107.57	1723.7	0.00	0.000	-0.27
346.00	24567	0	11498	31	131.6	0.00	26.9	0.0	185	15.607	0.0	250.0	107.61	1723.7	0.00	0.000	-0.27
347.00	24606	0	11612	46	131.4	0.00	26.9	0.0	185	15.606	0.0	250.0	107.60	1723.7	0.00	0.000	-0.27
348.00	24720	0	11544	15	130.9	0.00	26.9	0.0	186	15.601	0.0	250.0	107.57	1723.7	0.00	0.000	-0.27
349.00	24766	0	11483	15	130.3	0.00	26.9	0.0	186	15.600	0.0	250.0	107.56	1723.7	0.00	0.000	-0.27
350.00	24712	0	11429	23	130.1	0.00	26.9	0.0	186	15.603	0.0	250.0	107.58	1723.7	0.00	0.000	-0.27
351.00	24644	0	11582	15	129.6	0.00	26.9	0.0	186	15.607	0.0	250.0	107.61	1723.7	0.00	0.000	-0.27
352.00	24613	0	11429	15	129.0	0.00	26.9	0.0	186	15.604	0.0	250.0	107.59	1723.7	0.00	0.000	-0.27
353.00	24628	0	11452	0	128.7	0.00	26.9	0.0	186	15.607	0.0	250.0	107.61	1723.7	0.00	0.000	-0.27
354.00	24781	0	11528	8	128.2	0.00	26.9	0.0	186	15.600	0.0	250.0	107.56	1723.7	0.00	0.000	-0.27
355.00	24743	0	11475	8	127.7	0.00	26.9	0.0	186	15.609	0.0	250.0	107.62	1723.7	0.00	0.000	-0.27
356.00	24667	0	11452	15	127.5	0.00	26.9	0.0	186	15.604	0.0	250.0	107.58	1723.7	0.00	0.000	-0.27
357.00	24560	0	11452	23	126.6	0.00	26.9	0.0	186	15.603	0.0	250.0	107.58	1723.7	0.00	0.000	-0.27
358.00	24682	0	11406	23	126.3	0.00	26.9	0.0	186	15.598	0.0	250.0	107.55	1723.7	0.00	0.000	-0.27
359.00	24461	0	11498	8	126.1	0.00	26.9	0.0	186	15.604	0.0	250.0	107.58	1723.7	0.00	0.000	-0.27
360.00	24674	0	11483	0	125.7	0.00	26.9	0.0	186	15.600	0.0	250.0	107.56	1723.7	0.00	0.000	-0.27
361.00	24606	0	11422	8	124.9	0.00	26.9	0.0	186	15.607	0.0	250.0	107.60	1723.7	0.00	0.000	-0.27
362.00	24689	0	11467	8	124.7	0.00	26.9	0.0	186	15.604	0.0	250.0	107.59	1723.7	0.00	0.000	-0.27
363.00	24590	0	11406	8	124.4	0.00	26.9	0.0	186	15.609	0.0	250.0	107.62	1723.7	0.00	0.000	-0.27
364.00	24506	0	11422	8	123.9	0.00	26.9	0.0	186	15.608	0.0	250.0	107.62	1723.7	0.00	0.000	-0.27
365.00	24606	0	11353	15	123.2	0.00	26.9	0.0	186	15.600	0.0	250.0	107.56	1723.7	0.00	0.000	-0.27
366.00	24537	0	11589	15	123.0	0.00	26.9	0.0	186	15.598	0.0	250.0	107.54	1723.7	0.00	0.000	-0.27
367.00	24957	0	11452	15	122.7	0.00	23.9	97.5	165	15.606	0.0	250.0	107.60	1723.7	0.00	0.000	-0.27
368.00	24880	0	11399	0	122.1	0.00	18.9	130.1	130	15.606	0.0	250.0	107.60	1723.7	0.00	0.000	-0.27
369.00	24796	0	11322	15	121.5	0.00	16.2	118.5	112	15.603	0.0	250.0	107.58	1723.7	0.00	0.000	-0.27
370.00	24796	0	11399	15	121.5	0.00	14.8	94.8	102	15.603	0.0	250.0	107.58	1723.7	0.00	0.000	-0.27
371.00	24911	0	11467	0	121.2	0.00	13.9	81.9	96	15.599	0.0	250.0	107.55	1723.7	0.00	0.000	-0.27
372.00	24766	0	11460	15	120.6	0.00	13.3	74.6	92	15.607	0.0	250.0	107.61	1723.7	0.00	0.000	-0.27
373.00	24712	0	11414	8	120.1	0.00	13.0	70.2	89	15.601	0.0	250.0	107.56	1723.7	0.00	0.000	-0.27
374.00	24773	0	11490	23	120.0	0.00	12.7	67.3	87	15.605	0.0	250.0	107.59	1723.7	0.00	0.000	-0.27
375.00	24728	0	11422	15	119.7	0.00	12.5	65.2	86	15.599	0.0	250.0	107.55	1723.7	0.00	0.000	-0.27
376.00	24751	0	11315	0	119.4	0.00	12.3	63.7	85	15.605	0.0	250.0	107.59	1723.7	0.00	0.000	-0.27
377.00	24773	0	11383	23	119.9	0.00	12.2	62.5	84	15.599	0.0	250.0	107.55	1723.7	0.00	0.000	-0.27
378.00	24697	0	11452	15	120.7	0.00	12.2	61.5	84	15.606	0.0	250.0	107.60	1723.7	0.00	0.000	-0.27
379.00	24827	0	11414	15	121.8	0.00	12.1	60.8	84	15.605	0.0	250.0	107.59	1723.7	0.00	0.000	-0.27
380.00	24819	0	11361	8	123.0	0.00	12.1	60.2	83	15.601	0.0	250.0	107.57	1723.7	0.00	0.000	-0.27
381.00	24880	0	11322	8	124.4	0.00	12.1	59.7	83	15.608	0.0	250.0	107.61	1723.7	0.00	0.000	-0.27
382.00	24743	0	11330	15	126.1	0.00	12.1	59.3	83	15.602	0.0	250.0	107.57	1723.7	0.00	0.000	-0.27
383.00	24827	0	11460	8	127.6	0.00	12.1	59.0	83	15.599	0.0	250.0	107.55	1723.7	0.00	0.000	-0.27
384.00	24834	0	11383	15	128.8	0.00	12.1	58.7	84	15.604	0.0	250.0	107.58	1723.7	0.00	0.000	-0.27
385.00	24766	0	11414	0	130.1	0.00	12.1	58.6	84	15.600	0.0	250.0	107.56	1723.7	0.00	0.000	-0.27
386.00	24720	0	11299	15	131.2	0.00	12.2	58.4	84	15.604	0.0	250.0	107.58	1723.7	0.00	0.000	-0.27
387.00	24865	0	11330	31	131.5	0.00	12.2	58.3	84	15.605	0.0	250.0	107.59	1723.7	0.00	0.000	-0.27
388.00	24812	0	11254	23	131.9	0.00	12.2	58.2	84	15.596	0.0	250.0	107.53	1723.7	0.00	0.000	-0.27
389.00	24758	0	11345	0	132.6	0.00	12.3	58.1	85	15.604	0.0	250.0	107.58	1723.7	0.00	0.000	-0.27
390.00	24613	0	11292	15	132.7	0.00	12.3	58.1	85	15.602	0.0	250.0	107.57	1723.7	0.00	0.000	-0.27
391.00	24598	0	11391	8	132.9	0.00	12.4	58.1	85	15.608	0.0	250.0	107.61	1723.7	0.00	0.000	-0.27
392.00	24850	0	11322	23	133.0	0.00	12.4	58.0	86	15.602	0.0	250.0	107.57	1723.7	0.00	0.000	-0.27
393.00	24751	0	11376	23	133.1	0.00	12.5	58.0	86	15.599	0.0	250.0	107.55	1723.7	0.00	0.000	-0.27
394.00	24834	0	11330	8	133.1	0.00	12.5	58.0	86	15.605	0.0	250.0	107.59	1723.7	0.00	0.000	-0.27
395.00	24743	0	11277	15	133.0	0.00	12.5	58.0	86	15.606	0.0	250.0	107.60	1723.7	0.00	0.000	-0.27
396.00	24743	0	11284	23	132.8	0.00	12.6	58.0	87	15.608	0.0	250.0	107.61	1723.7	0.00	0.000	-0.27
397.00	24941	0	11322	0	132.6	0.00	12.6	58.0	87	15.604	0.0	250.0	107.59	1723.7	0.00	0.000	-0.27
398.00	24850	0	11315	0	132.2	0.00	12.7	58.0	87	15.608	0.0	250.0	107.61	1723.7	0.00	0.000	-0.27
399.00	24781	0	11261	8	131.7	0.00	12.7	58.1	88	15.608	0.0	250.0	107.62	1723.7	0.00	0.000	-0.27
400.00	24766	0	11330	15	131.5	0.00	12.7	58.1	88	15.599	0.0	250.0	107.55	1723.7	0.00	0.000	-0.27
401.00	24773	0	11261	38	131.2	0.00	12.8	58.1	88	15.599	0.0	250.0	107.55	1723.7	0.00	0.000	-0.27
402.00	24682	0	11277	0	130.5	0.00	12.8	58.1	88	15.605	0.0	250.0	107.59	1723.7	0.00	0.000	-0.27
403.00	24674	0	11338	31	130.4	0.00	12.9	58.2	89	15.603	0.0	250.0	107.58	1723.7	0.00	0.000	-0.27
404.00	24720	0	11261	23	130.2	0.00	12.9	58.2	89	15.602	0.0	250.0	107.57	1723.7	0.00	0.000	-0.27
405.00	24819	0	11269	0	129.6	0.00	12.9	58.2	89	15.604	0.0	250.0	107.59	1723.7	0.00	0.000	-0.27
406.00	24850	0	11307	23	128.9	0.00	13.0	58.2	89	15.596	0.0	250.0	107.53	1723.7	0.00	0.000	-0.27
407.00	24827	0	11315	8	128.8	0.00	13.0	58.2	90	15.610	0.0	250.0	107.63	1723.7	0.00	0.000	-0.27
408.00	24865	0	11284	23	128.3	0.00	13.0	58.2	90	15.603	0.0	250.0	107.58	1723.7	0.00	0.000	-0.27
409.00	24781	0	11322	8	127.5	0.00	13.1	58.3	90	15.605	0.0	250.0	107.60	1723.7	0.00	0.000	-0.27
410.00	24812	0	11155	0	127.3	0.00	13.1	58.3	90	15.607	0.0	250.0	107.61	1723.7	0.00	0.000	-0.27
411.00	24758	0	11368	8	127.0	0.00	13.1	58.3	90	15.607	0.0	250.0	107.61	1723.7	0.00	0.000	-0.27
412.00	24827	0	11330	15	126.4	0.00	13.1	58.3	91	15.608	0.0	250.0	107.61	1723.7	0.00	0.000	-0.27
413.00	24949	0	11284	0	126.0	0.00	13.2	58.4	91	15.607	0.0	250.0	107.61	1723.7	0.00	0.000	-0.27
414.00	24804	0	11208	31	125.7	0.00	13.2	58.4	91	15.595	0.0	250.0	107.52	1723.7	0.00	0.000	-0.27
415.00	24903	0	11231	0	125.2	0.00	13.2	58.4	91	15.606	0.0	250.0	107.60	1723.7	0.00	0.000	-0.27
416.00	24865	0	11277	0	124.6	0.00	13.2	58.4	91	15.621	0.0	250.0	107.70	1723.7	0.00	0.000	-0.27
417.00	24728	0	11254	8	124.1	0.00	13.3	58.4	91	15.604	0.0	250.0	107.58	1723.7	0.00	0.000	-0.27
418.00	24804	0	11322	31	124.1	0.00	13.3	58.5	92	15.596	0.0	250.0	107.53	1723.7	0.00	0.000	-0.27
419.00	24789	0	11185	15	123.7	0.00	13.3	58.5	92	15.604	0.0	250.0	107.58	1723.7	0.00	0.000	-0.27
420.00	24918	0	11238	0	123.2	0.00	13.3	58.5	92	15.620	0.0	250.0	107.70	1723.7	0.00	0.000	-0.27
421.00	24689	0	11322	8	122.7	0.00	13.4	58.5	92	15.593	0.0	250.0	107.51	1723.7	0.00	0.000	-0.27
422.00	24773	0	11696	23	122.5	0.00	13.4	58.6	92	15.620	0.0	250.0	107.70	1723.7	0.00	0.000	-0.27
423.00	24705	0	12024	0	122.1	0.00	13.4	58.6	92	15.589	0.0	250.0	107.48	1723.7	0.00	0.000	-0.27
424.00	24995	0	11933	15	121.6	0.00	13.4	58.6	93	15.619	0.0	250.0	107.69	1723.7	0.00	0.000	-0.27
425.00	24888	0	11979	23	121.4	0.00	13.4	58.5	93	15.604	0.0	250.0	107.58	1723.7	0.00	0.000	-0.27
426.00	24728	0	11979	8	121.0	0.00	13.5	58.4	93	15.605	0.0	250.0	107.60	1723.7	0.00	0.000	-0.27
427.00	25033	0	12185	15	120.3	0.00	13.5	58.3	93	15.588	0.0	250.0	107.47	1723.7	0.00	0.000	-0.27
428.00	25307	0	12383	8	120.2	0.00	13.5	58.3	93	15.614	0.0	250.0	107.66	1723.7	0.00	0.000	-0.27
429.00	21805	0	12360	23	120.0	0.00	13.6	58.2	93	15.619	0.0	250.0	107.69	1723.7	0.00	0.000	-0.27
430.00	23667	0	12619	15	119.8	0.00	13.6	58.2	94	15.591	0.0	250.0	107.50	1723.7	0.00	0.000	-0.27
431.00	25307	0	12680	8	119.9	0.00	13.6	58.2	94	15.613	0.0	250.0	107.65	1723.7	0.00	0.000	-0.27
432.00	26124	0	12619	0	120.2	0.00	13.6	58.1	94	15.608	0.0	250.0	107.61	1723.7	0.00	0.000	-0.27
433.00	26795	0	12535	38	120.9	0.00	13.7	58.1	94	15.608	0.0	250.0	107.61	1723.7	0.00	0.000	-0.27
434.00	26383	0	12490	0	122.9	0.00	13.7	58.1	95	15.607	0.0	250.0	107.61	1723.7	0.00	0.000	-0.27
435.00	26574	0	12421	15	124.3	0.00	13.7	58.1	95	15.602	0.0	250.0	107.57	1723.7	0.00	0.000	-0.27
436.00	26498	0	12474	23	125.8	0.00	13.8	58.1	95	15.597	0.0	250.0	107.54	1723.7	0.00	0.000	-0.27
437.00	26894	0	12436	8	127.4	0.00	13.8	58.1	95	15.602	0.0	250.0	107.58	1723.7	0.00	0.000	-0.27
438.00	27070	0	12581	0	129.2	0.00	13.8	58.1	95	15.604	0.0	250.0	107.59	1723.7	0.00	0.000	-0.27
439.00	27345	0	12787	0	130.3	0.00	13.9	58.2	96	15.606	0.0	250.0	107.60	1723.7	0.00	0.000	-0.27
440.00	27757	0	12879	0	131.5	0.00	13.9	58.2	96	15.609	0.0	250.0	107.62	1723.7	0.00	0.000	-0.27
441.00	28207	0	13024	23	132.3	0.00	13.9	58.2	96	15.601	0.0	250.0	107.57	1723.7	0.00	0.000	-0.27
442.00	29298	0	12902	8	133.2	0.00	14.0	58.2	96	15.603	0.0	250.0	107.58	1723.7	0.00	0.000	-0.27
443.00	30168	0	12703	23	133.5	0.00	14.0	58.2	96	15.601	0.0	250.0	107.57	1723.7	0.00	0.000	-0.27
444.00	30656	0	12551	8	133.7	0.00	14.0	58.2	97	15.607	0.0	250.0	107.61	1723.7	0.00	0.000	-0.27
445.00	30755	0	12467	0	134.0	0.00	14.0	58.3	97	15.606	0.0	250.0	107.60	1723.7	0.00	0.000	-0.27
446.00	30366	0	12452	15	134.1	0.00	14.1	58.3	97	15.602	0.0	250.0	107.57	1723.7	0.00	0.000	-0.27
447.00	30030	0	12497	8	134.2	0.00	14.1	58.3	97	15.595	0.0	250.0	107.52	1723.7	0.00	0.000	-0.27
448.00	29801	0	12215	15	134.3	0.00	14.1	58.3	97	15.601	0.0	250.0	107.56	1723.7	0.00	0.000	-0.27
449.00	29786	0	12131	0	134.2	0.00	14.1	58.5	98	15.602	0.0	250.0	107.57	1723.7	0.00	0.000	-0.27
450.00	28787	0	12101	31	134.1	0.00	14.2	58.6	98	15.601	0.0	250.0	107.56	1723.7	0.00	0.000	-0.27
451.00	28512	0	11574	23	133.9	0.00	14.2	58.8	98	15.601	0.0	250.0	107.56	1723.7	0.00	0.000	-0.27
452.00	28726	0	11444	15	133.4	0.00	14.2	58.9	98	15.603	0.0	250.0	107.58	1723.7	0.00	0.000	-0.27
453.00	29473	0	11582	0	133.2	0.00	14.2	59.0	98	15.600	0.0	250.0	107.56	1723.7	0.00	0.000	-0.27
454.00	30168	0	11544	0	133.1	0.00	14.2	59.1	98	15.604	0.0	250.0	107.58	1723.7	0.00	0.000	-0.27
455.00	30847	0	11650	0	132.9	0.00	14.2	59.2	98	15.608	0.0	250.0	107.61	1723.7	0.00	0.000	-0.27
456.00	31205	0	11795	8	132.3	0.00	14.2	59.2	98	15.601	0.0	250.0	107.56	1723.7	0.00	0.000	-0.27
457.00	31152	0	11773	0	131.9	0.00	14.2	59.3	98	15.608	0.0	250.0	107.62	1723.7	0.00	0.000	-0.27
458.00	30908	0	11864	0	131.6	0.00	14.2	59.3	98	15.604	0.0	250.0	107.58	1723.7	0.00	0.000	-0.27
459.00	30320	0	11948	8	131.1	0.00	14.2	59.4	98	15.602	0.0	250.0	107.57	1723.7	0.00	0.000	-0.27
460.00	29870	0	11956	0	130.7	0.00	14.2	59.4	98	15.611	0.0	250.0	107.63	1723.7	0.00	0.000	-0.27
461.00	29191	0	12131	0	130.4	0.00	14.2	59.4	98	15.602	0.0	250.0	107.57	1723.7	0.00	0.000	-0.27
462.00	28695	0	12154	15	129.7	0.00	14.2	59.4	98	15.601	0.0	250.0	107.57	1723.7	0.00	0.000	-0.27
463.00	28443	0	12261	15	129.2	0.00	14.1	59.4	98	15.607	0.0	250.0	107.60	1723.7	0.00	0.000	-0.27
464.00	27963	0	12329	0	128.7	0.00	14.1	59.4	97	15.605	0.0	250.0	107.59	1723.7	0.00	0.000	-0.27
465.00	27718	0	12360	8	128.5	0.00	14.1	59.4	97	15.602	0.0	250.0	107.57	1723.7	0.00	0.000	-0.27
466.00	27482	0	12520	0	128.0	0.00	14.1	59.4	97	15.603	0.0	250.0	107.58	1723.7	0.00	0.000	-0.27
467.00	27146	0	12543	31	127.4	0.00	14.1	59.4	97	15.604	0.0	250.0	107.59	1723.7	0.00	0.000	-0.27
468.00	27009	0	12558	0	127.0	0.00	14.1	59.4	97	15.603	0.0	250.0	107.58	1723.7	0.00	0.000	-0.27
469.00	26826	0	12711	8	126.6	0.00	14.1	59.4	97	15.608	0.0	250.0	107.61	1723.7	0.00	0.000	-0.27
470.00	26879	0	12833	23	126.3	0.00	14.1	59.4	97	15.605	0.0	250.0	107.59	1723.7	0.00	0.000	-0.27
471.00	26566	0	12978	8	125.9	0.00	14.1	59.4	97	15.599	0.0	250.0	107.55	1723.7	0.00	0.000	-0.27
472.00	26429	0	12902	15	125.2	0.00	14.1	59.4	97	15.606	0.0	250.0	107.60	1723.7	0.00	0.000	-0.27
473.00	26223	0	12886	0	124.9	0.00	14.1	59.4	97	15.608	0.0	250.0	107.61	1723.7	0.00	0.000	-0.27
474.00	26093	0	12902	8	124.8	0.00	14.0	59.4	97	15.603	0.0	250.0	107.58	1723.7	0.00	0.000	-0.27
475.00	25933	0	13054	15	124.5	0.00	14.0	59.4	97	15.605	0.0	250.0	107.59	1723.7	0.00	0.000	-0.27
476.00	25956	0	13009	0	123.9	0.00	14.0	59.4	97	15.601	0.0	250.0	107.56	1723.7	0.00	0.000	-0.27
477.00	25727	0	13222	23	123.5	0.00	14.0	59.4	97	15.601	0.0	250.0	107.57	1723.7	0.00	0.000	-0.27
478.00	25788	0	13222	8	123.2	0.00	14.0	59.4	97	15.605	0.0	250.0	107.59	1723.7	0.00	0.000	-0.27
479.00	25636	0	13268	0	122.7	0.00	14.0	59.4	97	15.605	0.0	250.0	107.59	1723.7	0.00	0.000	-0.27
