Time (sec)	Detector 1 (uV)	Detector 2 (uV)	Detector 3 (uV)	Detector 4 (uV)	Temperature (deg C)	EC (mS/m)	MIP Pressure (psi)	MIP Flow (mL/min)	MIP Pressure (kPa)	HPT Press. (psi)	HPT Flow (mL/min)	HPT Line Press. (psi)	HPT Press. (kPa)	HPT Line Press. (kPa)	Depth (ft)	Depth (m)	HPT Screen Depth (ft)
0.00	32609	0	17243	15	124.7	0.00	22.5	60.1	155	15.611	0.0	250.0	107.63	1723.7	0.00	0.000	-0.27
1.00	32609	0	17190	23	124.4	0.00	22.5	60.1	155	15.614	0.0	250.0	107.65	1723.7	0.00	0.000	-0.27
2.00	32464	0	17319	15	123.8	0.00	22.5	60.1	155	15.628	0.0	250.0	107.75	1723.7	0.00	0.000	-0.27
3.00	32571	0	17182	8	122.9	0.00	22.5	60.1	155	15.610	0.0	250.0	107.63	1723.7	0.00	0.000	-0.27
4.00	32456	0	17243	23	122.5	0.00	22.5	60.1	155	15.614	0.0	250.0	107.65	1723.7	0.00	0.000	-0.27
5.00	32456	0	17228	0	122.1	0.00	22.5	60.1	155	15.610	0.0	250.0	107.63	1723.7	0.00	0.000	-0.27
6.00	32525	0	17174	0	121.2	0.08	22.4	60.1	155	15.621	0.0	250.0	107.70	1723.7	0.00	0.000	-0.27
7.00	32540	0	17273	38	120.5	0.37	22.4	60.1	155	15.638	0.0	250.0	107.82	1723.7	0.00	0.000	-0.27
8.00	32632	0	17273	8	120.2	0.46	22.4	60.1	155	15.603	0.0	250.0	107.58	1723.7	0.00	0.000	-0.27
9.00	32601	0	17220	31	119.8	0.32	22.4	60.1	155	15.617	0.0	250.0	107.68	1723.7	0.00	0.000	-0.27
10.00	32609	0	17312	38	119.3	0.26	22.4	60.1	155	15.612	0.0	250.0	107.64	1723.7	0.00	0.000	-0.27
11.00	32746	0	17220	8	119.2	0.43	22.4	60.1	155	15.618	0.0	250.0	107.68	1723.7	0.00	0.000	-0.27
12.00	32723	0	17205	0	119.2	0.33	22.4	60.1	154	15.608	0.0	250.0	107.62	1723.7	0.00	0.000	-0.27
13.00	32838	0	17235	23	119.7	0.44	22.4	60.0	154	15.615	0.0	250.0	107.66	1723.7	0.00	0.000	-0.27
14.00	32823	0	17151	0	121.0	0.18	22.4	60.0	154	15.572	0.0	250.0	107.36	1723.7	0.00	0.000	-0.27
15.00	32861	0	17327	0	122.6	0.00	22.4	60.0	154	15.591	0.0	250.0	107.49	1723.7	0.00	0.000	-0.27
16.00	32746	0	17174	23	123.8	0.00	22.4	60.0	154	15.616	0.0	250.0	107.67	1723.7	0.00	0.000	-0.27
17.00	32815	0	17228	23	125.2	0.00	22.4	60.0	154	15.595	0.0	250.0	107.52	1723.7	0.00	0.000	-0.27
18.00	32853	0	17235	8	126.8	0.00	22.4	60.0	154	15.610	0.0	250.0	107.63	1723.7	0.00	0.000	-0.27
19.00	32708	0	17228	8	128.1	0.00	22.4	60.0	154	15.636	0.0	250.0	107.81	1723.7	0.00	0.000	-0.27
20.00	32731	0	17159	15	129.2	0.00	22.4	60.0	154	15.601	0.0	250.0	107.57	1723.7	0.00	0.000	-0.27
21.00	32792	0	17167	8	129.6	0.00	22.4	60.0	154	15.619	0.0	250.0	107.69	1723.7	0.00	0.000	-0.27
22.00	32678	0	17220	23	130.2	0.00	22.4	60.0	154	15.612	0.0	250.0	107.64	1723.7	0.00	0.000	-0.27
23.00	32754	0	17205	15	131.2	0.00	22.4	60.0	154	15.619	0.0	250.0	107.69	1723.7	0.00	0.000	-0.27
24.00	32891	0	17098	31	131.3	0.00	22.3	60.0	154	15.623	0.0	250.0	107.72	1723.7	0.00	0.000	-0.27
25.00	32678	0	17212	0	131.5	0.00	22.3	60.0	154	15.628	0.0	250.0	107.75	1723.7	0.00	0.000	-0.27
26.00	32800	0	17228	0	131.5	0.00	22.3	60.0	154	15.612	0.0	250.0	107.64	1723.7	0.00	0.000	-0.27
27.00	32785	0	17129	8	131.4	0.00	22.3	60.0	154	15.603	0.0	250.0	107.58	1723.7	0.00	0.000	-0.27
28.00	32670	0	17174	8	131.2	0.00	22.3	60.0	154	15.620	0.0	250.0	107.69	1723.7	0.00	0.000	-0.27
29.00	32739	0	17129	23	131.0	0.00	22.3	60.0	154	15.613	0.0	250.0	107.65	1723.7	0.00	0.000	-0.27
30.00	32517	0	17151	8	130.6	0.00	22.3	60.0	154	15.619	0.0	250.0	107.69	1723.7	0.00	0.000	-0.27
31.00	32525	0	17174	23	130.0	0.00	22.3	60.0	154	15.620	0.0	250.0	107.70	1723.7	0.00	0.000	-0.27
32.00	32510	0	17151	23	129.4	0.00	22.3	60.0	154	15.609	0.0	250.0	107.62	1723.7	0.00	0.000	-0.27
33.00	32571	0	17144	8	129.2	0.00	22.3	60.0	154	15.605	0.0	250.0	107.59	1723.7	0.00	0.000	-0.27
34.00	32472	0	17144	0	128.8	0.00	22.3	60.0	154	15.621	0.0	250.0	107.70	1723.7	0.00	0.000	-0.27
35.00	32586	0	17052	23	127.9	0.00	22.3	60.0	154	15.620	0.0	250.0	107.70	1723.7	0.00	0.000	-0.27
36.00	32571	0	17190	8	127.2	0.00	22.3	60.0	154	15.613	0.0	250.0	107.65	1723.7	0.00	0.000	-0.27
37.00	32624	0	17182	38	126.6	0.00	22.3	60.0	154	15.613	0.0	250.0	107.65	1723.7	0.00	0.000	-0.27
38.00	32540	0	17182	8	126.3	0.00	22.3	60.0	154	15.616	0.0	250.0	107.67	1723.7	0.00	0.000	-0.27
39.00	32586	0	17121	8	125.9	0.00	22.3	60.0	154	15.602	0.0	250.0	107.58	1723.7	0.00	0.000	-0.27
40.00	32540	0	17106	15	124.8	0.00	22.3	60.0	154	15.608	0.0	250.0	107.62	1723.7	0.00	0.000	-0.27
41.00	32380	0	17121	15	123.3	0.00	22.3	60.0	154	15.616	0.0	250.0	107.67	1723.7	0.00	0.000	-0.27
42.00	32418	0	17151	0	122.0	0.00	22.3	60.1	153	15.608	0.0	250.0	107.61	1723.7	0.00	0.000	-0.27
43.00	32441	0	17174	8	120.8	0.23	22.3	60.1	153	15.616	0.0	250.0	107.67	1723.7	0.00	0.000	-0.27
44.00	32426	0	17205	0	120.2	0.34	22.2	60.1	153	15.629	0.0	250.0	107.75	1723.7	0.00	0.000	-0.27
45.00	32495	0	17121	0	119.0	0.53	22.2	60.1	153	15.614	0.0	250.0	107.65	1723.7	0.00	0.000	-0.27
46.00	32479	0	17167	31	117.4	0.48	22.2	60.1	153	15.613	0.0	250.0	107.65	1723.7	0.00	0.000	-0.27
47.00	32357	0	17167	8	116.5	0.33	22.2	60.1	153	15.616	0.0	250.0	107.67	1723.7	0.00	0.000	-0.27
48.00	32441	0	17174	0	116.5	0.55	22.2	60.1	153	15.641	0.0	250.0	107.84	1723.7	0.00	0.000	-0.27
49.00	32579	0	17129	23	116.4	0.43	22.2	60.1	153	15.616	0.0	250.0	107.67	1723.7	0.00	0.000	-0.27
50.00	32472	0	17167	38	116.6	0.45	22.2	60.1	153	15.622	0.0	250.0	107.71	1723.7	0.00	0.000	-0.27
51.00	32601	0	17197	8	117.1	0.34	22.2	60.1	153	15.605	0.0	250.0	107.59	1723.7	0.00	0.000	-0.27
52.00	32579	0	17174	0	118.4	0.37	22.2	60.1	153	15.595	0.0	250.0	107.52	1723.7	0.00	0.000	-0.27
53.00	32640	0	17113	38	118.8	0.46	22.2	60.1	153	15.624	0.0	250.0	107.72	1723.7	0.00	0.000	-0.27
54.00	32601	0	17205	8	119.4	0.34	22.2	60.1	153	15.639	0.0	250.0	107.83	1723.7	0.00	0.000	-0.27
55.00	32701	0	17159	8	120.9	0.20	22.2	60.1	153	15.629	0.0	250.0	107.76	1723.7	0.00	0.000	-0.27
56.00	32830	0	17167	15	121.6	0.00	22.2	60.1	153	15.621	0.0	250.0	107.70	1723.7	0.00	0.000	-0.27
57.00	32678	0	17190	8	122.6	0.00	22.2	60.1	153	15.618	0.0	250.0	107.68	1723.7	0.00	0.000	-0.27
58.00	32647	0	17220	69	123.4	0.00	22.2	60.1	153	15.606	0.0	250.0	107.60	1723.7	0.00	0.000	-0.27
59.00	32685	0	17029	8	124.0	0.00	22.1	60.0	153	15.623	0.0	250.0	107.72	1723.7	0.00	0.000	-0.27
60.00	32792	0	17167	8	124.1	0.00	22.1	60.1	153	15.622	0.0	250.0	107.71	1723.7	0.00	0.000	-0.27
61.00	32762	0	17083	8	124.4	0.00	22.1	60.1	153	15.609	0.0	250.0	107.62	1723.7	0.00	0.000	-0.27
62.00	32662	0	17144	0	124.7	0.00	22.1	60.1	153	15.606	0.0	250.0	107.60	1723.7	0.00	0.000	-0.27
63.00	32723	0	17121	0	124.7	0.00	22.1	60.0	153	15.613	0.0	250.0	107.65	1723.7	0.00	0.000	-0.27
64.00	32647	0	17205	23	124.6	0.00	22.1	60.0	152	15.602	0.0	250.0	107.57	1723.7	0.00	0.000	-0.27
65.00	32647	0	17113	23	124.2	0.00	22.1	60.0	152	15.596	0.0	250.0	107.53	1723.7	0.00	0.000	-0.27
66.00	32594	0	17106	15	123.4	0.00	22.1	60.1	152	15.615	0.0	250.0	107.66	1723.7	0.00	0.000	-0.27
67.00	32739	0	17067	31	122.0	0.00	22.1	60.0	152	15.623	0.0	250.0	107.72	1723.7	0.00	0.000	-0.27
68.00	32495	0	17083	23	121.2	0.11	22.1	60.0	152	15.621	0.0	250.0	107.70	1723.7	0.00	0.000	-0.27
69.00	32571	0	17129	0	120.3	0.30	22.1	60.0	152	15.619	0.0	250.0	107.69	1723.7	0.00	0.000	-0.27
70.00	32571	0	17006	15	119.2	0.34	22.1	60.0	152	15.615	0.0	250.0	107.66	1723.7	0.00	0.000	-0.27
71.00	32449	0	17067	31	118.3	0.18	22.1	60.0	152	15.618	0.0	250.0	107.68	1723.7	0.00	0.000	-0.27
72.00	32525	0	17060	0	117.7	0.42	22.1	60.0	152	15.617	0.0	250.0	107.68	1723.7	0.00	0.000	-0.27
73.00	32456	0	17014	8	117.0	0.39	22.1	60.0	152	15.610	0.0	250.0	107.63	1723.7	0.00	0.000	-0.27
74.00	32380	0	17045	31	117.0	0.33	22.1	60.0	152	15.604	0.0	250.0	107.58	1723.7	0.00	0.000	-0.27
75.00	32563	0	17144	46	117.2	0.39	22.1	60.0	152	15.578	0.0	250.0	107.41	1723.7	0.00	0.000	-0.27
76.00	32403	0	17083	15	117.6	0.42	22.1	60.0	152	15.651	0.0	250.0	107.91	1723.7	0.00	0.000	-0.27
77.00	32479	0	17037	0	118.6	0.26	22.1	60.0	152	15.625	0.0	250.0	107.73	1723.7	0.00	0.000	-0.27
78.00	32464	0	17090	0	119.3	0.33	22.0	60.0	152	15.554	0.0	250.0	107.24	1723.7	0.00	0.000	-0.27
79.00	32304	0	17045	8	120.2	0.37	22.0	60.0	152	15.609	0.0	250.0	107.62	1723.7	0.00	0.000	-0.27
80.00	32311	0	17144	23	121.2	0.08	22.0	60.0	152	15.624	0.0	250.0	107.73	1723.7	0.00	0.000	-0.27
81.00	32418	0	17075	8	121.7	0.00	22.0	60.0	152	15.608	0.0	250.0	107.61	1723.7	0.00	0.000	-0.27
82.00	32250	0	17167	15	122.0	0.00	22.0	60.0	152	15.619	0.0	250.0	107.69	1723.7	0.00	0.000	-0.27
83.00	32212	0	17075	31	122.8	0.00	22.0	60.0	152	15.608	0.0	250.0	107.61	1723.7	0.00	0.000	-0.27
84.00	32296	0	17129	23	123.6	0.00	22.0	60.0	152	15.600	0.0	250.0	107.56	1723.7	0.00	0.000	-0.27
85.00	32350	0	17090	15	123.7	0.00	22.0	60.0	152	15.606	0.0	250.0	107.60	1723.7	0.00	0.000	-0.27
86.00	32228	0	17052	0	124.3	0.00	22.0	59.9	152	15.608	0.0	250.0	107.61	1723.7	0.00	0.000	-0.27
87.00	32319	0	17022	8	124.7	0.00	22.0	59.9	152	15.617	0.0	250.0	107.67	1723.7	0.00	0.000	-0.27
88.00	32228	0	16984	38	124.6	0.00	22.0	59.9	152	15.605	0.0	250.0	107.59	1723.7	0.00	0.000	-0.27
89.00	32205	0	17075	8	124.4	0.00	22.0	59.9	152	15.605	0.0	250.0	107.60	1723.7	0.00	0.000	-0.27
90.00	32205	0	17037	0	124.0	0.00	22.0	59.9	152	15.608	0.0	250.0	107.61	1723.7	0.00	0.000	-0.27
91.00	32311	0	17098	23	123.1	0.00	22.0	59.9	152	15.620	0.0	250.0	107.70	1723.7	0.00	0.000	-0.27
92.00	32319	0	17022	0	122.8	0.00	22.0	59.9	152	15.615	0.0	250.0	107.66	1723.7	0.00	0.000	-0.27
93.00	32197	0	17067	15	122.3	0.00	22.0	59.9	152	15.605	0.0	250.0	107.60	1723.7	0.00	0.000	-0.27
94.00	32373	0	17029	0	121.1	0.19	22.0	59.8	152	15.606	0.0	250.0	107.60	1723.7	0.00	0.000	-0.27
95.00	32289	0	16999	8	120.4	0.37	22.0	59.8	152	15.626	0.0	250.0	107.73	1723.7	0.00	0.000	-0.27
96.00	32304	0	17022	15	119.7	0.36	22.0	59.8	152	15.641	0.0	250.0	107.84	1723.7	0.00	0.000	-0.27
97.00	32319	0	16999	0	119.4	0.33	22.0	59.8	152	15.566	0.0	250.0	107.32	1723.7	0.00	0.000	-0.27
98.00	32395	0	16999	15	119.0	0.42	22.0	59.8	152	15.604	0.0	250.0	107.59	1723.7	0.00	0.000	-0.27
99.00	32235	0	16938	8	118.5	0.36	22.0	59.8	152	15.640	0.0	250.0	107.83	1723.7	0.00	0.000	-0.27
100.00	32273	0	16976	8	118.6	0.50	22.0	59.8	152	15.615	0.0	250.0	107.66	1723.7	0.00	0.000	-0.27
101.00	32189	0	16938	15	118.9	0.36	22.0	59.7	152	15.590	0.0	250.0	107.49	1723.7	0.00	0.000	-0.27
102.00	32197	0	16991	0	119.4	0.52	22.0	59.8	152	15.586	0.0	250.0	107.46	1723.7	0.00	0.000	-0.27
103.00	32144	0	16900	0	121.1	0.18	22.0	59.7	152	15.591	0.0	250.0	107.50	1723.7	0.00	0.000	-0.27
104.00	32350	0	17022	15	122.3	0.00	22.0	59.7	152	15.603	0.0	250.0	107.58	1723.7	0.00	0.000	-0.27
105.00	32304	0	16961	15	123.7	0.00	22.0	59.7	152	15.621	0.0	250.0	107.70	1723.7	0.00	0.000	-0.27
106.00	32487	0	16976	31	124.9	0.00	22.0	59.7	152	15.605	0.0	250.0	107.60	1723.7	0.00	0.000	-0.27
107.00	32487	0	16923	8	126.1	0.00	22.0	59.7	152	15.614	0.0	250.0	107.66	1723.7	0.00	0.000	-0.27
108.00	32411	0	16984	8	127.5	0.00	22.0	59.7	152	15.609	0.0	250.0	107.62	1723.7	0.00	0.000	-0.27
109.00	32418	0	16892	38	128.7	0.00	22.0	59.8	152	15.609	0.0	250.0	107.62	1723.7	0.00	0.000	-0.27
110.00	32250	0	16907	23	129.5	0.00	22.0	59.8	152	15.621	0.0	250.0	107.70	1723.7	0.00	0.000	-0.27
111.00	32273	0	16884	23	130.1	0.00	22.0	59.8	152	15.616	0.0	250.0	107.67	1723.7	0.00	0.000	-0.27
112.00	32334	0	16984	8	130.3	0.00	22.0	59.8	152	15.602	0.0	250.0	107.57	1723.7	0.00	0.000	-0.27
113.00	32304	0	16915	31	130.7	0.00	22.0	59.8	152	15.624	0.0	250.0	107.72	1723.7	0.00	0.000	-0.27
114.00	32075	0	16900	15	130.9	0.00	22.0	59.8	152	15.604	0.0	250.0	107.59	1723.7	0.00	0.000	-0.27
115.00	31930	0	16877	8	131.0	0.00	22.0	59.8	152	15.621	0.0	250.0	107.70	1723.7	0.00	0.000	-0.27
116.00	32105	0	16877	8	130.9	0.00	22.0	59.8	152	15.606	0.0	250.0	107.60	1723.7	0.00	0.000	-0.27
117.00	31968	0	16831	0	130.7	0.00	22.0	59.8	152	15.610	0.0	250.0	107.63	1723.7	0.00	0.000	-0.27
118.00	31983	0	16778	23	130.5	0.00	22.0	59.8	152	15.617	0.0	250.0	107.68	1723.7	0.00	0.000	-0.27
119.00	31930	0	16976	0	130.0	0.00	22.0	59.8	152	15.619	0.0	250.0	107.69	1723.7	0.00	0.000	-0.27
120.00	32067	0	16861	0	129.7	0.00	22.0	59.8	152	15.608	0.0	250.0	107.61	1723.7	0.00	0.000	-0.27
121.00	32044	0	16884	23	129.3	0.00	22.0	59.8	152	15.616	0.0	250.0	107.67	1723.7	0.00	0.000	-0.27
122.00	32044	0	16892	8	128.5	0.00	22.0	59.8	152	15.600	0.0	250.0	107.56	1723.7	0.00	0.000	-0.27
123.00	32037	0	16877	15	128.2	0.00	22.0	59.8	152	15.607	0.0	250.0	107.61	1723.7	0.00	0.000	-0.27
124.00	32022	0	16907	23	127.6	0.00	22.0	59.8	152	15.620	0.0	250.0	107.70	1723.7	0.00	0.000	-0.27
125.00	31915	0	16892	53	126.6	0.00	22.0	59.8	152	15.604	0.0	250.0	107.59	1723.7	0.00	0.000	-0.27
126.00	31831	0	16938	46	126.4	0.00	22.0	59.8	152	15.614	0.0	250.0	107.65	1723.7	0.00	0.000	-0.27
127.00	31907	0	16984	31	126.0	0.00	22.0	59.8	152	15.608	0.0	250.0	107.62	1723.7	0.00	0.000	-0.27
128.00	31816	0	16968	46	125.1	0.00	22.0	59.8	152	15.616	0.0	250.0	107.67	1723.7	0.00	0.000	-0.27
129.00	31938	0	17022	38	124.8	0.00	22.0	59.8	152	15.602	0.0	250.0	107.57	1723.7	0.00	0.000	-0.27
130.00	31770	0	16976	0	124.5	0.00	22.0	59.8	152	15.620	0.0	250.0	107.69	1723.7	0.00	0.000	-0.27
131.00	31823	0	16953	38	123.3	0.00	22.0	59.8	152	15.609	0.0	250.0	107.62	1723.7	0.00	0.000	-0.27
132.00	31693	0	16968	8	122.6	0.00	22.0	59.8	152	15.603	0.0	250.0	107.58	1723.7	0.00	0.000	-0.27
133.00	31915	0	17006	0	122.2	0.00	22.0	59.8	152	15.608	0.0	250.0	107.61	1723.7	0.00	0.000	-0.27
134.00	31991	0	16999	0	121.9	0.00	22.0	59.8	152	15.621	0.0	250.0	107.70	1723.7	0.00	0.000	-0.27
135.00	31854	0	16984	23	121.4	0.01	22.0	59.8	152	15.611	0.0	250.0	107.64	1723.7	0.00	0.000	-0.27
136.00	31816	0	16991	15	120.6	0.34	22.0	59.8	152	15.607	0.0	250.0	107.61	1723.7	0.00	0.000	-0.27
137.00	31938	0	17075	8	119.9	0.48	22.0	59.8	152	15.641	0.0	250.0	107.84	1723.7	0.00	0.000	-0.27
138.00	31945	0	17067	8	119.6	0.40	22.0	59.8	152	15.648	0.0	250.0	107.89	1723.7	0.00	0.000	-0.27
139.00	31846	0	17075	8	119.2	0.26	22.0	59.8	152	15.571	0.0	250.0	107.36	1723.7	0.00	0.000	-0.27
140.00	31869	0	17060	0	118.9	0.43	22.0	59.8	152	15.651	0.0	250.0	107.91	1723.7	0.00	0.000	-0.27
141.00	31854	0	17075	23	119.0	0.36	22.0	59.8	152	15.603	0.0	250.0	107.58	1723.7	0.00	0.000	-0.27
142.00	31915	0	17067	15	119.4	0.23	22.0	59.8	152	15.605	0.0	250.0	107.59	1723.7	0.00	0.000	-0.27
143.00	31808	0	17098	15	120.4	0.28	22.0	59.8	152	15.588	0.0	250.0	107.48	1723.7	0.00	0.000	-0.27
144.00	31961	0	17113	15	122.1	0.00	22.0	59.8	152	15.606	0.0	250.0	107.60	1723.7	0.00	0.000	-0.27
145.00	31869	0	17136	23	123.5	0.00	22.0	59.8	152	15.621	0.0	250.0	107.71	1723.7	0.00	0.000	-0.27
146.00	31892	0	17174	0	125.0	0.00	22.0	59.8	152	15.609	0.0	250.0	107.62	1723.7	0.00	0.000	-0.27
147.00	31770	0	17144	0	126.5	0.00	22.0	59.8	152	15.614	0.0	250.0	107.65	1723.7	0.00	0.000	-0.27
148.00	31770	0	17098	38	127.8	0.00	22.0	59.8	152	15.596	0.0	250.0	107.53	1723.7	0.00	0.000	-0.27
149.00	31785	0	17190	46	128.2	0.00	22.0	59.8	152	15.606	0.0	250.0	107.60	1723.7	0.00	0.000	-0.27
150.00	31892	0	17121	15	129.3	0.00	22.0	59.8	152	15.585	0.0	250.0	107.46	1723.7	0.00	0.000	-0.27
151.00	31907	0	17060	15	130.7	0.00	22.0	59.8	152	15.631	0.0	250.0	107.77	1723.7	0.00	0.000	-0.27
152.00	31915	0	17167	23	131.3	0.00	22.0	59.8	152	15.594	0.0	250.0	107.52	1723.7	0.00	0.000	-0.27
153.00	31877	0	17251	15	131.7	0.00	22.0	59.8	152	15.618	0.0	250.0	107.68	1723.7	0.00	0.000	-0.27
154.00	31869	0	17174	8	131.7	0.00	22.0	59.8	152	15.602	0.0	250.0	107.57	1723.7	0.00	0.000	-0.27
155.00	31930	0	17220	8	131.7	0.00	22.0	59.8	152	15.600	0.0	250.0	107.56	1723.7	0.00	0.000	-0.27
156.00	31831	0	17121	31	131.8	0.00	22.0	59.8	152	15.624	0.0	250.0	107.73	1723.7	0.00	0.000	-0.27
157.00	31686	0	17174	46	131.6	0.00	22.0	59.8	152	15.609	0.0	250.0	107.62	1723.7	0.00	0.000	-0.27
158.00	31716	0	17174	0	131.5	0.00	22.0	59.8	152	15.611	0.0	250.0	107.64	1723.7	0.00	0.000	-0.27
159.00	31785	0	17159	31	131.2	0.00	22.0	59.8	152	15.621	0.0	250.0	107.70	1723.7	0.00	0.000	-0.27
160.00	31724	0	17182	8	130.6	0.00	22.0	59.8	152	15.603	0.0	250.0	107.58	1723.7	0.00	0.000	-0.27
161.00	31816	0	17197	31	130.1	0.00	22.0	59.8	152	15.602	0.0	250.0	107.58	1723.7	0.00	0.000	-0.27
162.00	31800	0	17212	15	129.9	0.00	22.0	59.8	152	15.613	0.0	250.0	107.65	1723.7	0.00	0.000	-0.27
163.00	31739	0	17212	23	129.3	0.00	22.0	59.8	152	15.608	0.0	250.0	107.61	1723.7	0.00	0.000	-0.27
164.00	31892	0	17281	15	128.3	0.00	22.0	59.8	152	15.595	0.0	250.0	107.53	1723.7	0.00	0.000	-0.27
165.00	32044	0	17373	38	128.1	0.00	22.0	59.8	152	15.609	0.0	250.0	107.62	1723.7	0.00	0.000	-0.27
166.00	32083	0	17342	31	127.6	0.00	22.0	59.8	152	15.611	0.0	250.0	107.64	1723.7	0.00	0.000	-0.27
167.00	31861	0	17449	0	126.6	0.00	22.0	59.8	152	15.620	0.0	250.0	107.70	1723.7	0.00	0.000	-0.27
168.00	32067	0	17495	15	126.5	0.00	22.0	59.8	152	15.612	0.0	250.0	107.64	1723.7	0.00	0.000	-0.27
169.00	32121	0	17647	23	126.0	0.00	22.0	59.8	152	15.613	0.0	250.0	107.65	1723.7	0.00	0.000	-0.27
170.00	32189	0	17701	23	125.2	0.00	22.0	59.8	152	15.609	0.0	250.0	107.62	1723.7	0.00	0.000	-0.27
171.00	32136	0	17678	0	124.7	0.00	22.0	59.8	152	15.615	0.0	250.0	107.66	1723.7	0.00	0.000	-0.27
172.00	32174	0	17769	15	124.4	0.00	22.0	59.8	152	15.605	0.0	250.0	107.59	1723.7	0.00	0.000	-0.27
173.00	32174	0	17785	31	123.6	0.00	22.0	59.7	152	15.623	0.0	250.0	107.71	1723.7	0.00	0.000	-0.27
174.00	32090	0	17739	8	122.9	0.00	22.0	59.8	152	15.613	0.0	250.0	107.65	1723.7	0.00	0.000	-0.27
175.00	32197	0	17800	53	122.6	0.00	22.0	59.8	152	15.615	0.0	250.0	107.66	1723.7	0.00	0.000	-0.27
176.00	32281	0	17792	38	121.9	0.00	22.0	59.7	152	15.613	0.0	250.0	107.65	1723.7	0.00	0.000	-0.27
177.00	32235	0	17785	23	121.4	0.00	22.0	59.7	152	15.608	0.0	250.0	107.61	1723.7	0.00	0.000	-0.27
178.00	32113	0	17800	8	121.1	0.10	22.0	59.8	151	15.602	0.0	250.0	107.57	1723.7	0.00	0.000	-0.27
179.00	32334	0	17808	31	120.5	0.32	22.0	59.7	152	15.634	0.0	250.0	107.80	1723.7	0.00	0.000	-0.27
180.00	32205	0	17754	23	120.1	0.44	22.0	59.7	151	15.628	0.0	250.0	107.75	1723.7	0.00	0.000	-0.27
181.00	32136	0	17724	15	119.7	0.24	22.0	59.8	151	15.525	0.0	250.0	107.04	1723.7	0.00	0.000	-0.27
182.00	32151	0	17838	61	118.9	0.40	22.0	59.8	151	15.646	0.0	250.0	107.87	1723.7	0.00	0.000	-0.27
183.00	32174	0	17754	38	118.8	0.45	22.0	59.8	151	15.643	0.0	250.0	107.85	1723.7	0.00	0.000	-0.27
184.00	32067	0	17823	0	119.1	0.45	22.0	59.8	151	15.588	0.0	250.0	107.47	1723.7	0.00	0.000	-0.27
185.00	31907	0	17708	0	119.9	0.44	22.0	59.7	151	15.592	0.0	250.0	107.51	1723.7	0.00	0.000	-0.27
186.00	31938	0	17762	31	121.2	0.26	22.0	59.7	151	15.582	0.0	250.0	107.44	1723.7	0.00	0.000	-0.27
187.00	31968	0	17701	15	122.4	0.00	22.0	59.7	151	15.615	0.0	250.0	107.66	1723.7	0.00	0.000	-0.27
188.00	31999	0	17754	31	124.0	0.00	22.0	59.7	151	15.607	0.0	250.0	107.61	1723.7	0.00	0.000	-0.27
189.00	31869	0	17663	31	125.5	0.00	22.0	59.7	151	15.620	0.0	250.0	107.70	1723.7	0.00	0.000	-0.27
190.00	31877	0	17609	53	127.2	0.00	22.0	59.7	151	15.622	0.0	250.0	107.71	1723.7	0.00	0.000	-0.27
191.00	31968	0	17617	8	128.5	0.00	22.0	59.7	151	15.591	0.0	250.0	107.49	1723.7	0.00	0.000	-0.27
192.00	31961	0	17632	8	129.8	0.00	22.0	59.7	151	15.603	0.0	250.0	107.58	1723.7	0.00	0.000	-0.27
193.00	31930	0	17586	8	130.7	0.00	22.0	59.7	151	15.644	0.0	250.0	107.86	1723.7	0.00	0.000	-0.27
194.00	31930	0	17487	38	131.0	0.00	22.0	59.7	151	15.621	0.0	250.0	107.70	1723.7	0.00	0.000	-0.27
195.00	31838	0	17541	8	131.6	0.00	22.0	59.7	151	15.610	0.0	250.0	107.63	1723.7	0.00	0.000	-0.27
196.00	31808	0	17525	0	132.2	0.00	22.0	59.7	151	15.609	0.0	250.0	107.62	1723.7	0.00	0.000	-0.27
197.00	31922	0	17441	23	132.2	0.00	22.0	59.7	151	15.609	0.0	250.0	107.62	1723.7	0.00	0.000	-0.27
198.00	31800	0	17411	8	132.3	0.00	22.0	59.7	151	15.614	0.0	250.0	107.65	1723.7	0.00	0.000	-0.27
199.00	31732	0	17403	8	132.3	0.00	22.0	59.7	151	15.627	0.0	250.0	107.75	1723.7	0.00	0.000	-0.27
200.00	31762	0	17350	23	132.2	0.00	22.0	59.7	151	15.596	0.0	250.0	107.53	1723.7	0.00	0.000	-0.27
201.00	31724	0	17350	15	132.1	0.00	22.0	59.7	151	15.616	0.0	250.0	107.67	1723.7	0.00	0.000	-0.27
202.00	31785	0	17258	46	131.6	0.00	22.0	59.7	151	15.591	0.0	250.0	107.50	1723.7	0.00	0.000	-0.27
203.00	31701	0	17342	38	131.1	0.00	22.0	59.7	151	15.622	0.0	250.0	107.71	1723.7	0.00	0.000	-0.27
204.00	31610	0	17350	8	130.9	0.00	22.0	59.7	151	15.616	0.0	250.0	107.67	1723.7	0.00	0.000	-0.27
205.00	31510	0	17304	0	130.3	0.00	22.0	59.7	151	15.615	0.0	250.0	107.66	1723.7	0.00	0.000	-0.27
206.00	31678	0	17258	15	129.8	0.00	22.0	59.7	151	15.613	0.0	250.0	107.65	1723.7	0.00	0.000	-0.27
207.00	31602	0	17220	8	129.5	0.00	22.0	59.7	151	15.586	0.0	250.0	107.46	1723.7	0.00	0.000	-0.27
208.00	31587	0	17121	0	129.1	0.00	22.0	59.7	151	15.610	0.0	250.0	107.63	1723.7	0.00	0.000	-0.27
209.00	31587	0	17220	53	128.2	0.00	22.0	59.7	151	15.587	0.0	250.0	107.47	1723.7	0.00	0.000	-0.27
210.00	31579	0	17235	8	127.6	0.00	22.0	59.7	151	15.612	0.0	250.0	107.64	1723.7	0.00	0.000	-0.27
211.00	31312	0	17045	23	127.4	0.00	22.0	59.7	151	15.611	0.0	250.0	107.63	1723.7	0.00	0.000	-0.27
212.00	31602	0	17151	15	126.7	0.00	22.0	59.7	151	15.615	0.0	250.0	107.66	1723.7	0.00	0.000	-0.27
213.00	31518	0	17144	8	126.0	0.00	22.0	59.7	151	15.618	0.0	250.0	107.68	1723.7	0.00	0.000	-0.27
214.00	31556	0	17022	8	125.7	0.00	22.0	59.7	151	15.601	0.0	250.0	107.56	1723.7	0.00	0.000	-0.27
215.00	31297	0	17121	0	125.1	0.00	22.0	59.7	151	15.619	0.0	250.0	107.69	1723.7	0.00	0.000	-0.27
216.00	31495	0	17014	8	124.4	0.00	22.0	59.7	151	15.625	0.0	250.0	107.73	1723.7	0.00	0.000	-0.27
217.00	31419	0	16976	15	123.6	0.00	22.0	59.7	151	15.607	0.0	250.0	107.60	1723.7	0.00	0.000	-0.27
218.00	31495	0	17014	23	123.2	0.00	22.0	59.7	151	15.614	0.0	250.0	107.65	1723.7	0.00	0.000	-0.27
219.00	31465	0	16999	0	123.0	0.00	22.0	59.7	151	15.620	0.0	250.0	107.69	1723.7	0.00	0.000	-0.27
220.00	31365	0	17006	61	122.3	0.00	22.0	59.7	151	15.604	0.0	250.0	107.59	1723.7	0.00	0.000	-0.27
221.00	31610	0	17129	0	121.8	0.00	22.0	59.7	151	15.594	0.0	250.0	107.52	1723.7	0.00	0.000	-0.27
222.00	31480	0	17022	8	121.5	0.00	21.9	59.7	151	15.621	0.0	250.0	107.70	1723.7	0.00	0.000	-0.27
223.00	31564	0	17029	8	120.8	0.14	22.0	59.7	151	15.542	0.0	250.0	107.16	1723.7	0.00	0.000	-0.27
224.00	31556	0	16991	0	120.1	0.42	22.0	59.7	151	15.684	0.0	250.0	108.14	1723.7	0.00	0.000	-0.27
225.00	31556	0	16991	8	119.9	0.34	21.9	59.7	151	15.618	0.0	250.0	107.68	1723.7	0.00	0.000	-0.27
226.00	31594	0	16984	38	119.6	0.45	21.9	59.7	151	15.600	0.0	250.0	107.56	1723.7	0.00	0.000	-0.27
227.00	31671	0	16915	8	119.0	0.33	21.9	59.7	151	15.597	0.0	250.0	107.54	1723.7	0.00	0.000	-0.27
228.00	31602	0	16930	8	119.1	0.48	22.0	59.7	151	15.555	0.0	250.0	107.25	1723.7	0.00	0.000	-0.27
229.00	31663	0	16861	15	119.3	0.27	21.9	59.7	151	15.599	0.0	250.0	107.55	1723.7	0.00	0.000	-0.27
230.00	31686	0	16938	53	120.0	0.36	21.9	59.7	151	15.583	0.0	250.0	107.44	1723.7	0.00	0.000	-0.27
231.00	31709	0	16892	23	121.8	0.00	21.9	59.7	151	15.634	0.0	250.0	107.79	1723.7	0.00	0.000	-0.27
232.00	31716	0	16892	8	123.0	0.00	21.9	59.7	151	15.602	0.0	250.0	107.58	1723.7	0.00	0.000	-0.27
233.00	31541	0	16846	31	124.7	0.00	21.9	59.7	151	15.580	0.0	250.0	107.42	1723.7	0.00	0.000	-0.27
234.00	31709	0	16923	0	126.2	0.00	21.9	59.7	151	15.577	0.0	250.0	107.40	1723.7	0.00	0.000	-0.27
235.00	31648	0	16861	23	127.8	0.00	21.9	59.7	151	15.611	0.0	250.0	107.63	1723.7	0.00	0.000	-0.27
236.00	31602	0	16854	0	128.9	0.00	21.9	59.7	151	15.585	0.0	250.0	107.46	1723.7	0.00	0.000	-0.27
237.00	31518	0	16923	31	130.1	0.00	21.9	59.7	151	15.761	0.0	250.0	108.67	1723.7	0.00	0.000	-0.27
238.00	31556	0	16854	8	130.9	0.00	21.9	59.7	151	15.744	0.0	250.0	108.55	1723.7	0.00	0.000	-0.27
239.00	31640	0	16877	8	131.1	0.00	21.9	59.7	151	15.536	0.0	250.0	107.12	1723.7	0.00	0.000	-0.27
240.00	31594	0	16755	15	131.5	0.00	21.9	59.7	151	15.788	0.0	250.0	108.86	1723.7	0.00	0.000	-0.27
241.00	31465	0	16739	15	132.2	0.00	21.9	59.7	151	15.592	0.0	250.0	107.50	1723.7	0.00	0.000	-0.27
242.00	31320	0	16823	8	132.1	0.00	21.9	59.7	151	15.493	0.0	250.0	106.82	1723.7	0.00	0.000	-0.27
243.00	31381	0	16831	8	132.0	0.00	21.9	59.7	151	15.572	0.0	250.0	107.37	1723.7	0.00	0.000	-0.27
244.00	31487	0	16709	15	131.9	0.00	21.9	59.7	151	15.631	0.0	250.0	107.77	1723.7	0.00	0.000	-0.27
245.00	31487	0	16778	15	131.8	0.00	21.9	59.7	151	15.551	0.0	250.0	107.22	1723.7	0.00	0.000	-0.27
246.00	31281	0	16869	23	131.6	0.00	21.9	59.7	151	15.518	0.0	250.0	106.99	1723.7	0.00	0.000	-0.27
247.00	31449	0	16953	23	130.8	0.00	21.9	59.7	151	15.543	0.0	250.0	107.16	1723.7	0.00	0.000	-0.27
248.00	31213	0	16739	31	130.7	0.00	21.9	59.7	151	15.551	0.0	250.0	107.22	1723.7	0.00	0.000	-0.27
249.00	31350	0	16739	15	130.4	0.00	21.9	59.7	151	15.625	0.0	250.0	107.73	1723.7	0.00	0.000	-0.27
250.00	31434	0	16755	8	129.8	0.00	21.9	59.7	151	15.579	0.0	250.0	107.41	1723.7	0.00	0.000	-0.27
251.00	31365	0	16808	23	129.1	0.00	21.9	59.7	151	15.534	0.0	250.0	107.11	1723.7	0.00	0.000	-0.27
252.00	31289	0	16732	23	128.9	0.00	21.9	59.7	151	15.544	0.0	250.0	107.17	1723.7	0.00	0.000	-0.27
253.00	31236	0	16778	8	128.5	0.00	21.9	59.7	151	15.656	0.0	250.0	107.94	1723.7	0.00	0.000	-0.27
254.00	31243	0	16839	23	127.7	0.00	21.9	59.6	151	15.549	0.0	250.0	107.20	1723.7	0.00	0.000	-0.27
255.00	31358	0	16839	8	127.1	0.00	21.9	59.7	151	15.642	0.0	250.0	107.85	1723.7	0.00	0.000	-0.27
256.00	31358	0	16678	8	126.8	0.00	21.9	59.7	151	15.621	0.0	250.0	107.70	1723.7	0.00	0.000	-0.27
257.00	31266	0	16770	8	126.3	0.00	21.9	59.7	151	15.595	0.0	250.0	107.53	1723.7	0.00	0.000	-0.27
258.00	31137	0	16709	8	125.7	0.00	21.9	59.7	151	15.612	0.0	250.0	107.64	1723.7	0.00	0.000	-0.27
259.00	31251	0	16709	8	124.9	0.00	21.9	59.6	151	15.609	0.0	250.0	107.62	1723.7	0.00	0.000	-0.27
260.00	31190	0	16594	0	124.5	0.00	21.9	59.6	151	15.610	0.0	250.0	107.63	1723.7	0.00	0.000	-0.27
261.00	31243	0	16755	38	124.1	0.00	21.9	59.6	151	15.627	0.0	250.0	107.74	1723.7	0.00	0.000	-0.27
262.00	31289	0	16701	0	123.3	0.00	21.9	59.7	151	15.580	0.0	250.0	107.42	1723.7	0.00	0.000	-0.27
263.00	31335	0	16678	8	123.1	0.00	21.9	59.6	151	15.631	0.0	250.0	107.77	1723.7	0.00	0.000	-0.27
264.00	31335	0	16747	8	122.6	0.00	21.9	59.7	151	15.580	0.0	250.0	107.42	1723.7	0.00	0.000	-0.27
265.00	31411	0	16785	8	121.8	0.00	21.9	59.7	151	15.632	0.0	250.0	107.78	1723.7	0.00	0.000	-0.27
266.00	31365	0	16655	23	121.6	0.00	21.9	59.7	151	15.612	0.0	250.0	107.64	1723.7	0.00	0.000	-0.27
267.00	31396	0	16663	31	121.3	0.00	21.9	59.7	151	15.605	0.0	250.0	107.59	1723.7	0.00	0.000	-0.27
268.00	34471	0	16617	8	120.5	0.21	21.9	59.7	151	15.606	0.0	250.0	107.60	1723.7	0.00	0.000	-0.27
269.00	54460	0	17243	8	120.1	0.24	21.9	59.7	151	15.601	0.0	250.0	107.56	1723.7	0.00	0.000	-0.27
270.00	64600	0	17853	23	119.9	0.55	21.9	59.7	151	15.592	0.0	250.0	107.50	1723.7	0.00	0.000	-0.27
271.00	65851	0	18021	38	119.3	0.41	21.9	59.7	151	15.597	0.0	250.0	107.54	1723.7	0.00	0.000	-0.27
272.00	64814	0	18052	31	119.1	0.48	21.9	59.6	151	15.604	0.0	250.0	107.59	1723.7	0.00	0.000	-0.27
273.00	62372	0	18036	15	119.3	0.41	21.9	59.7	151	15.613	0.0	250.0	107.65	1723.7	0.00	0.000	-0.27
274.00	58275	0	18059	8	119.6	0.29	21.9	59.7	151	15.593	0.0	250.0	107.51	1723.7	0.00	0.000	-0.27
275.00	43695	0	17945	31	121.1	0.06	21.9	59.6	151	15.611	0.0	250.0	107.63	1723.7	0.00	0.000	-0.27
276.00	35470	0	17365	8	122.5	0.00	21.9	59.6	151	15.657	0.0	250.0	107.95	1723.7	0.00	0.000	-0.27
277.00	33418	0	17083	8	123.8	0.00	21.9	59.6	151	15.616	0.0	250.0	107.67	1723.7	0.00	0.000	-0.27
278.00	32846	0	16999	46	125.5	0.00	21.9	59.6	151	15.598	0.0	250.0	107.54	1723.7	0.00	0.000	-0.27
279.00	32434	0	16854	23	126.4	0.00	21.9	59.6	151	15.624	0.0	250.0	107.73	1723.7	0.00	0.000	-0.27
280.00	32311	0	16800	38	127.2	0.00	21.9	59.6	151	15.596	0.0	250.0	107.53	1723.7	0.00	0.000	-0.27
281.00	32083	0	16839	8	128.6	0.00	21.9	59.6	151	15.619	0.0	250.0	107.69	1723.7	0.00	0.000	-0.27
282.00	32098	0	16762	23	130.2	0.00	21.9	59.6	151	15.616	0.0	250.0	107.67	1723.7	0.00	0.000	-0.27
283.00	31892	0	16884	15	130.4	0.00	21.9	59.6	151	15.605	0.0	250.0	107.60	1723.7	0.00	0.000	-0.27
284.00	31800	0	16701	53	130.7	0.00	21.9	59.6	151	15.605	0.0	250.0	107.59	1723.7	0.00	0.000	-0.27
285.00	31663	0	16739	15	131.2	0.00	21.9	59.6	151	15.609	0.0	250.0	107.62	1723.7	0.00	0.000	-0.27
286.00	31579	0	16686	8	131.2	0.00	21.9	59.6	151	15.618	0.0	250.0	107.68	1723.7	0.00	0.000	-0.27
287.00	31678	0	16839	23	131.3	0.00	21.9	59.6	151	15.606	0.0	250.0	107.60	1723.7	0.00	0.000	-0.27
288.00	31510	0	16739	46	131.3	0.00	21.9	59.6	151	15.615	0.0	250.0	107.66	1723.7	0.00	0.000	-0.27
289.00	31579	0	16846	0	131.2	0.00	21.9	59.6	151	15.603	0.0	250.0	107.58	1723.7	0.00	0.000	-0.27
290.00	31404	0	16762	15	130.9	0.00	21.9	59.6	151	15.617	0.0	250.0	107.67	1723.7	0.00	0.000	-0.27
291.00	31495	0	16747	23	130.5	0.00	21.9	59.6	151	15.618	0.0	250.0	107.68	1723.7	0.00	0.000	-0.27
292.00	31571	0	16923	0	130.2	0.00	21.9	59.6	151	15.609	0.0	250.0	107.62	1723.7	0.00	0.000	-0.27
293.00	31495	0	16663	15	130.0	0.00	21.9	59.6	151	15.619	0.0	250.0	107.69	1723.7	0.00	0.000	-0.27
