Time (sec)	Detector 1 (uV)	Detector 2 (uV)	Detector 3 (uV)	Detector 4 (uV)	Temperature (deg C)	EC (mS/m)	MIP Pressure (psi)	MIP Flow (mL/min)	MIP Pressure (kPa)	HPT Press. (psi)	HPT Flow (mL/min)	HPT Line Press. (psi)	HPT Press. (kPa)	HPT Line Press. (kPa)	Depth (ft)	Depth (m)	HPT Screen Depth (ft)
0.00	15496	0	15740	76	131.3	0.00	9.5	39.5	66	15.518	0.0	250.0	106.99	1723.7	0.00	0.000	-0.27
1.00	15336	0	15694	46	131.5	0.00	9.5	39.5	66	15.510	0.0	250.0	106.94	1723.7	0.00	0.000	-0.27
2.00	15465	0	15702	107	131.6	0.00	9.5	39.5	66	15.516	0.0	250.0	106.98	1723.7	0.00	0.000	-0.27
3.00	15282	0	15702	38	131.7	0.00	9.5	39.5	66	15.516	0.0	250.0	106.98	1723.7	0.00	0.000	-0.27
4.00	15557	0	15748	76	131.9	0.00	9.5	39.5	66	15.514	0.0	250.0	106.97	1723.7	0.00	0.000	-0.27
5.00	15175	0	15725	92	131.9	0.00	9.5	39.5	66	15.512	0.0	250.0	106.95	1723.7	0.00	0.000	-0.27
6.00	15168	0	15732	38	131.9	0.00	9.5	39.5	66	15.518	0.0	250.0	106.99	1723.7	0.00	0.000	-0.27
7.00	15236	0	15786	23	131.8	0.00	9.5	39.5	66	15.512	0.0	250.0	106.95	1723.7	0.00	0.000	-0.27
8.00	15351	0	15679	31	131.5	0.00	9.5	39.5	66	15.513	0.0	250.0	106.96	1723.7	0.00	0.000	-0.27
9.00	15160	0	15732	23	131.2	0.00	9.5	39.5	66	15.519	0.0	250.0	107.00	1723.7	0.00	0.000	-0.27
10.00	15282	0	15679	53	131.0	0.00	9.5	39.5	66	15.515	0.0	250.0	106.97	1723.7	0.00	0.000	-0.27
11.00	15320	0	15793	61	130.8	0.00	9.5	39.5	66	15.514	0.0	250.0	106.97	1723.7	0.00	0.000	-0.27
12.00	15183	0	15603	107	130.3	0.00	9.5	39.5	66	15.515	0.0	250.0	106.97	1723.7	0.00	0.000	-0.27
13.00	15244	0	15633	31	130.0	0.00	9.5	39.5	66	15.516	0.0	250.0	106.98	1723.7	0.00	0.000	-0.27
14.00	15183	0	15702	46	129.7	0.00	9.5	39.5	66	15.513	0.0	250.0	106.96	1723.7	0.00	0.000	-0.27
15.00	15229	0	15725	31	129.2	0.00	9.5	39.5	66	15.520	0.0	250.0	107.01	1723.7	0.00	0.000	-0.27
16.00	15252	0	15694	84	128.9	0.00	9.5	39.5	66	15.517	0.0	250.0	106.98	1723.7	0.00	0.000	-0.27
17.00	15503	0	15679	69	128.6	0.00	9.5	39.5	66	15.512	0.0	250.0	106.95	1723.7	0.00	0.000	-0.27
18.00	15275	0	15603	53	128.0	0.00	9.5	39.5	66	15.515	0.0	250.0	106.97	1723.7	0.00	0.000	-0.27
19.00	15419	0	15664	61	127.8	0.00	9.5	39.5	66	15.514	0.0	250.0	106.96	1723.7	0.00	0.000	-0.27
20.00	15473	0	15625	61	127.5	0.00	9.5	39.5	66	15.513	0.0	250.0	106.96	1723.7	0.00	0.000	-0.27
21.00	15442	0	15786	46	127.1	0.00	9.5	39.5	66	15.517	0.0	250.0	106.98	1723.7	0.00	0.000	-0.27
22.00	15206	0	15435	31	126.7	0.00	9.5	39.5	66	15.514	0.0	250.0	106.97	1723.7	0.00	0.000	-0.27
23.00	15473	0	15641	46	126.2	0.00	9.5	39.5	66	15.511	0.0	250.0	106.95	1723.7	0.00	0.000	-0.27
24.00	15137	0	15641	69	125.9	0.00	9.5	39.5	66	15.516	0.0	250.0	106.98	1723.7	0.00	0.000	-0.27
25.00	15191	0	15587	122	125.6	0.00	9.5	39.5	66	15.518	0.0	250.0	106.99	1723.7	0.00	0.000	-0.27
26.00	15244	0	15641	53	125.3	0.00	9.5	39.5	66	15.513	0.0	250.0	106.96	1723.7	0.00	0.000	-0.27
27.00	15358	0	15816	31	124.9	0.00	9.5	39.5	66	15.516	0.0	250.0	106.98	1723.7	0.00	0.000	-0.27
28.00	15229	0	15381	69	124.5	0.00	9.5	39.5	66	15.519	0.0	250.0	107.00	1723.7	0.00	0.000	-0.27
29.00	15481	0	15496	84	124.3	0.00	9.5	39.5	66	15.508	0.0	250.0	106.93	1723.7	0.00	0.000	-0.27
30.00	15084	0	15656	76	123.9	0.00	9.5	39.5	66	15.517	0.0	250.0	106.99	1723.7	0.00	0.000	-0.27
31.00	15213	0	15549	61	123.4	0.00	9.5	39.5	66	15.511	0.0	250.0	106.94	1723.7	0.00	0.000	-0.27
32.00	15290	0	15534	99	123.2	0.00	9.5	39.5	66	15.512	0.0	250.0	106.95	1723.7	0.00	0.000	-0.27
33.00	15152	0	15534	38	122.8	0.00	9.5	39.5	66	15.516	0.0	250.0	106.98	1723.7	0.00	0.000	-0.27
34.00	15023	0	15564	84	121.8	0.00	9.5	39.5	66	15.515	0.0	250.0	106.97	1723.7	0.00	0.000	-0.27
35.00	15412	0	15572	84	121.3	0.00	9.5	39.5	66	15.509	0.0	250.0	106.93	1723.7	0.00	0.000	-0.27
36.00	15213	0	15549	99	120.8	0.00	9.5	39.5	66	15.520	0.0	250.0	107.00	1723.7	0.00	0.000	-0.27
37.00	15336	0	15557	76	119.4	0.00	9.5	39.5	66	15.510	0.0	250.0	106.94	1723.7	0.00	0.000	-0.27
38.00	15137	0	15473	53	118.4	0.00	9.5	39.5	66	15.508	0.0	250.0	106.92	1723.7	0.00	0.000	-0.27
39.00	14977	0	15503	69	117.7	0.00	9.5	39.5	66	15.510	0.0	250.0	106.94	1723.7	0.00	0.000	-0.27
40.00	15099	0	15488	46	117.3	0.00	9.5	39.5	66	15.513	0.0	250.0	106.96	1723.7	0.00	0.000	-0.27
41.00	15015	0	15534	130	117.0	0.00	9.5	39.5	66	15.506	0.0	250.0	106.91	1723.7	0.00	0.000	-0.27
42.00	15122	0	15496	76	116.8	0.00	9.5	39.5	66	15.515	0.0	250.0	106.97	1723.7	0.00	0.000	-0.27
43.00	15023	0	15549	61	117.0	0.00	9.5	39.5	66	15.514	0.0	250.0	106.96	1723.7	0.00	0.000	-0.27
44.00	15358	0	15603	61	117.6	0.00	9.5	39.5	66	15.514	0.0	250.0	106.96	1723.7	0.00	0.000	-0.27
45.00	15137	0	15564	53	119.1	0.00	9.5	39.5	66	15.516	0.0	250.0	106.98	1723.7	0.00	0.000	-0.27
46.00	15198	0	15511	31	120.2	0.00	9.5	39.5	66	15.514	0.0	250.0	106.97	1723.7	0.00	0.000	-0.27
47.00	15175	0	15503	61	121.3	0.00	9.5	39.5	66	15.512	0.0	250.0	106.95	1723.7	0.00	0.000	-0.27
48.00	15191	0	15587	53	122.7	0.00	9.5	39.5	66	15.512	0.0	250.0	106.95	1723.7	0.00	0.000	-0.27
49.00	14916	0	15503	76	123.8	0.00	9.5	39.5	66	15.514	0.0	250.0	106.96	1723.7	0.00	0.000	-0.27
50.00	15183	0	15481	69	125.0	0.00	9.5	39.5	66	15.512	0.0	250.0	106.95	1723.7	0.00	0.000	-0.27
51.00	15015	0	15473	8	125.7	0.00	9.5	39.5	66	15.517	0.0	250.0	106.99	1723.7	0.00	0.000	-0.27
52.00	15168	0	15519	69	126.1	0.00	9.5	39.5	66	15.516	0.0	250.0	106.98	1723.7	0.00	0.000	-0.27
53.00	15122	0	15465	53	126.8	0.00	9.5	39.5	66	15.511	0.0	250.0	106.94	1723.7	0.00	0.000	-0.27
54.00	15023	0	15465	53	127.6	0.00	9.5	39.5	66	15.514	0.0	250.0	106.96	1723.7	0.00	0.000	-0.27
55.00	15069	0	15389	46	127.5	0.00	9.5	39.5	66	15.513	0.0	250.0	106.96	1723.7	0.00	0.000	-0.27
56.00	15191	0	15481	69	127.4	0.00	9.5	39.5	66	15.509	0.0	250.0	106.93	1723.7	0.00	0.000	-0.27
57.00	14954	0	15435	76	127.3	0.00	9.5	39.5	66	15.514	0.0	250.0	106.96	1723.7	0.00	0.000	-0.27
58.00	14969	0	15343	31	127.1	0.00	9.5	39.5	66	15.514	0.0	250.0	106.97	1723.7	0.00	0.000	-0.27
59.00	15069	0	15419	38	126.5	0.00	9.5	39.5	66	15.511	0.0	250.0	106.94	1723.7	0.00	0.000	-0.27
60.00	15069	0	15389	69	125.9	0.00	9.5	39.5	66	15.514	0.0	250.0	106.96	1723.7	0.00	0.000	-0.27
61.00	14946	0	15412	46	125.3	0.00	9.5	39.5	66	15.516	0.0	250.0	106.98	1723.7	0.00	0.000	-0.27
62.00	15061	0	15442	76	124.9	0.00	9.5	39.5	66	15.510	0.0	250.0	106.94	1723.7	0.00	0.000	-0.27
63.00	14969	0	15465	69	124.4	0.00	9.5	39.5	66	15.514	0.0	250.0	106.97	1723.7	0.00	0.000	-0.27
64.00	14855	0	15442	92	123.3	0.00	9.5	39.5	66	15.513	0.0	250.0	106.96	1723.7	0.00	0.000	-0.27
65.00	15061	0	15435	31	122.7	0.00	9.5	39.5	66	15.508	0.0	250.0	106.92	1723.7	0.00	0.000	-0.27
66.00	15030	0	15381	61	122.0	0.00	9.5	39.5	66	15.517	0.0	250.0	106.98	1723.7	0.00	0.000	-0.27
67.00	14969	0	15450	31	121.6	0.00	9.5	39.5	66	15.511	0.0	250.0	106.94	1723.7	0.00	0.000	-0.27
68.00	14908	0	15465	46	121.3	0.00	9.5	39.5	66	15.509	0.0	250.0	106.93	1723.7	0.00	0.000	-0.27
69.00	14878	0	15419	76	120.6	0.00	9.5	39.5	66	15.516	0.0	250.0	106.98	1723.7	0.00	0.000	-0.27
70.00	14931	0	15419	84	119.7	0.00	9.5	39.5	66	15.511	0.0	250.0	106.95	1723.7	0.00	0.000	-0.27
71.00	14946	0	15358	61	119.3	0.00	9.5	39.5	66	15.509	0.0	250.0	106.93	1723.7	0.00	0.000	-0.27
72.00	14939	0	15336	84	119.1	0.00	9.5	39.5	66	15.514	0.0	250.0	106.96	1723.7	0.00	0.000	-0.27
73.00	14985	0	15412	38	118.7	0.00	9.5	39.5	66	15.515	0.0	250.0	106.98	1723.7	0.00	0.000	-0.27
74.00	14878	0	15374	53	118.6	0.00	9.5	39.5	66	15.508	0.0	250.0	106.92	1723.7	0.00	0.000	-0.27
75.00	14794	0	15419	84	119.0	0.00	9.5	39.5	66	15.515	0.0	250.0	106.97	1723.7	0.00	0.000	-0.27
76.00	14794	0	15419	53	120.0	0.00	9.5	39.5	66	15.515	0.0	250.0	106.97	1723.7	0.00	0.000	-0.27
77.00	15007	0	15397	53	120.4	0.00	9.5	39.5	66	15.515	0.0	250.0	106.97	1723.7	0.00	0.000	-0.27
78.00	14962	0	15488	38	121.1	0.00	9.5	39.5	66	15.518	0.0	250.0	106.99	1723.7	0.00	0.000	-0.27
79.00	14939	0	15442	61	123.1	0.00	9.5	39.5	66	15.513	0.0	250.0	106.96	1723.7	0.00	0.000	-0.27
80.00	14954	0	15481	76	124.7	0.00	9.5	39.5	66	15.513	0.0	250.0	106.96	1723.7	0.00	0.000	-0.27
81.00	14870	0	15404	76	125.8	0.00	9.5	39.5	66	15.511	0.0	250.0	106.94	1723.7	0.00	0.000	-0.27
82.00	14718	0	15442	99	127.4	0.00	9.5	39.5	66	15.515	0.0	250.0	106.97	1723.7	0.00	0.000	-0.27
83.00	14832	0	15404	53	128.2	0.00	9.5	39.4	66	15.511	0.0	250.0	106.94	1723.7	0.00	0.000	-0.27
84.00	14931	0	15389	15	128.6	0.00	9.5	39.5	66	15.514	0.0	250.0	106.97	1723.7	0.00	0.000	-0.27
85.00	14954	0	15442	69	129.4	0.00	9.5	39.4	66	15.512	0.0	250.0	106.95	1723.7	0.00	0.000	-0.27
86.00	14885	0	15419	23	130.0	0.00	9.5	39.4	66	15.514	0.0	250.0	106.96	1723.7	0.00	0.000	-0.27
87.00	15046	0	15427	114	130.2	0.00	9.5	39.4	66	15.513	0.0	250.0	106.96	1723.7	0.00	0.000	-0.27
88.00	15053	0	15381	61	130.3	0.00	9.5	39.4	66	15.513	0.0	250.0	106.96	1723.7	0.00	0.000	-0.27
89.00	14885	0	15374	76	130.3	0.00	9.5	39.4	66	15.512	0.0	250.0	106.95	1723.7	0.00	0.000	-0.27
90.00	14847	0	15320	69	130.4	0.00	9.5	39.5	66	15.515	0.0	250.0	106.97	1723.7	0.00	0.000	-0.27
91.00	14710	0	15419	53	130.3	0.00	9.5	39.5	66	15.516	0.0	250.0	106.98	1723.7	0.00	0.000	-0.27
92.00	14901	0	15343	38	130.1	0.00	9.5	39.4	66	15.512	0.0	250.0	106.95	1723.7	0.00	0.000	-0.27
93.00	14687	0	15320	53	130.1	0.00	9.5	39.5	66	15.513	0.0	250.0	106.96	1723.7	0.00	0.000	-0.27
94.00	14901	0	15366	53	129.9	0.00	9.5	39.5	66	15.518	0.0	250.0	106.99	1723.7	0.00	0.000	-0.27
95.00	14885	0	15427	76	129.6	0.00	9.5	39.5	66	15.512	0.0	250.0	106.95	1723.7	0.00	0.000	-0.27
96.00	14954	0	15305	92	129.5	0.00	9.5	39.5	66	15.515	0.0	250.0	106.97	1723.7	0.00	0.000	-0.27
97.00	14870	0	15389	46	129.4	0.00	9.5	39.5	66	15.512	0.0	250.0	106.95	1723.7	0.00	0.000	-0.27
98.00	14985	0	15343	92	129.2	0.00	9.5	39.5	66	15.513	0.0	250.0	106.96	1723.7	0.00	0.000	-0.27
99.00	14779	0	15351	69	128.9	0.00	9.5	39.5	66	15.513	0.0	250.0	106.96	1723.7	0.00	0.000	-0.27
100.00	14611	0	15397	53	128.4	0.00	9.5	39.5	66	15.509	0.0	250.0	106.93	1723.7	0.00	0.000	-0.27
101.00	14603	0	15336	92	128.2	0.00	9.5	39.5	66	15.512	0.0	250.0	106.95	1723.7	0.00	0.000	-0.27
102.00	14847	0	15419	69	128.0	0.00	9.5	39.5	66	15.517	0.0	250.0	106.98	1723.7	0.00	0.000	-0.27
103.00	14771	0	15320	92	127.7	0.00	9.5	39.5	66	15.512	0.0	250.0	106.95	1723.7	0.00	0.000	-0.27
104.00	14809	0	15397	46	127.2	0.00	9.5	39.5	66	15.511	0.0	250.0	106.95	1723.7	0.00	0.000	-0.27
105.00	14893	0	15328	84	126.9	0.00	9.5	39.5	66	15.513	0.0	250.0	106.96	1723.7	0.00	0.000	-0.27
106.00	14786	0	15313	76	126.7	0.00	9.5	39.5	66	15.515	0.0	250.0	106.97	1723.7	0.00	0.000	-0.27
107.00	14855	0	15313	84	126.5	0.00	9.5	39.5	66	15.514	0.0	250.0	106.96	1723.7	0.00	0.000	-0.27
108.00	14946	0	15336	99	126.2	0.00	9.5	39.5	66	15.516	0.0	250.0	106.98	1723.7	0.00	0.000	-0.27
109.00	14801	0	15419	69	125.7	0.00	9.5	39.5	66	15.511	0.0	250.0	106.94	1723.7	0.00	0.000	-0.27
110.00	14924	0	15320	76	125.5	0.00	9.5	39.5	66	15.512	0.0	250.0	106.95	1723.7	0.00	0.000	-0.27
111.00	15069	0	15343	46	125.3	0.00	9.5	39.5	66	15.515	0.0	250.0	106.97	1723.7	0.00	0.000	-0.27
112.00	14924	0	15313	107	125.0	0.00	9.5	39.5	66	15.512	0.0	250.0	106.95	1723.7	0.00	0.000	-0.27
113.00	15015	0	15481	61	124.7	0.00	9.5	39.5	66	15.510	0.0	250.0	106.94	1723.7	0.00	0.000	-0.27
114.00	15206	0	15465	69	124.5	0.00	9.5	39.5	66	15.516	0.0	250.0	106.98	1723.7	0.00	0.000	-0.27
115.00	15122	0	15488	23	124.1	0.00	9.5	39.5	66	15.512	0.0	250.0	106.95	1723.7	0.00	0.000	-0.27
116.00	15099	0	15542	61	123.7	0.00	9.5	39.5	66	15.512	0.0	250.0	106.95	1723.7	0.00	0.000	-0.27
117.00	15320	0	15595	69	123.4	0.00	9.5	39.5	66	15.510	0.0	250.0	106.94	1723.7	0.00	0.000	-0.27
118.00	15282	0	15732	46	123.0	0.00	9.5	39.5	66	15.511	0.0	250.0	106.95	1723.7	0.00	0.000	-0.27
119.00	15389	0	15923	53	122.6	0.00	9.5	39.5	66	15.511	0.0	250.0	106.94	1723.7	0.00	0.000	-0.27
120.00	15709	0	16015	76	122.4	0.00	9.5	39.5	66	15.512	0.0	250.0	106.95	1723.7	0.00	0.000	-0.27
121.00	15648	0	16205	84	122.1	0.00	9.5	39.5	66	15.514	0.0	250.0	106.96	1723.7	0.00	0.000	-0.27
122.00	15679	0	16259	46	121.8	0.00	9.5	39.5	66	15.511	0.0	250.0	106.94	1723.7	0.00	0.000	-0.27
123.00	15923	0	16625	107	121.5	0.00	9.5	39.5	66	15.513	0.0	250.0	106.96	1723.7	0.00	0.000	-0.27
124.00	15908	0	16686	69	121.2	0.00	9.5	39.5	66	15.510	0.0	250.0	106.94	1723.7	0.00	0.000	-0.27
125.00	16037	0	16854	46	120.9	0.00	9.5	39.5	66	15.512	0.0	250.0	106.95	1723.7	0.00	0.000	-0.27
126.00	16106	0	17174	84	120.5	0.00	9.5	39.5	66	15.516	0.0	250.0	106.98	1723.7	0.00	0.000	-0.27
127.00	16388	0	17243	61	120.0	0.00	9.5	39.5	66	15.512	0.0	250.0	106.95	1723.7	0.00	0.000	-0.27
128.00	16434	0	17487	61	119.9	0.00	9.5	39.5	66	15.516	0.0	250.0	106.98	1723.7	0.00	0.000	-0.27
129.00	16755	0	17617	107	120.1	0.00	9.5	39.5	66	15.514	0.0	250.0	106.96	1723.7	0.00	0.000	-0.27
130.00	16869	0	17762	23	120.1	0.00	9.5	39.5	66	15.509	0.0	250.0	106.93	1723.7	0.00	0.000	-0.27
131.00	16930	0	17983	38	120.5	0.00	9.5	39.5	66	15.516	0.0	250.0	106.98	1723.7	0.00	0.000	-0.27
132.00	17151	0	18151	46	121.9	0.00	9.5	39.5	66	15.514	0.0	250.0	106.96	1723.7	0.00	0.000	-0.27
133.00	17319	0	18357	46	123.1	0.00	9.5	39.5	66	15.511	0.0	250.0	106.95	1723.7	0.00	0.000	-0.27
134.00	17205	0	18693	84	124.3	0.00	9.5	39.5	66	15.510	0.0	250.0	106.93	1723.7	0.00	0.000	-0.27
135.00	17632	0	18723	46	125.7	0.00	9.5	39.5	66	15.515	0.0	250.0	106.97	1723.7	0.00	0.000	-0.27
136.00	17731	0	19051	99	127.2	0.00	9.5	39.5	66	15.509	0.0	250.0	106.93	1723.7	0.00	0.000	-0.27
137.00	18044	0	19356	53	128.4	0.00	9.5	39.5	66	15.511	0.0	250.0	106.94	1723.7	0.00	0.000	-0.27
138.00	18181	0	19494	61	129.6	0.00	9.5	39.5	66	15.519	0.0	250.0	107.00	1723.7	0.00	0.000	-0.27
139.00	18258	0	19707	99	130.2	0.00	9.5	39.5	66	15.515	0.0	250.0	106.97	1723.7	0.00	0.000	-0.27
140.00	18418	0	19913	38	130.5	0.00	9.5	39.4	66	15.511	0.0	250.0	106.95	1723.7	0.00	0.000	-0.27
141.00	18616	0	20127	84	131.2	0.00	9.5	39.5	66	15.514	0.0	250.0	106.97	1723.7	0.00	0.000	-0.27
142.00	18693	0	20295	99	131.6	0.00	9.5	39.5	66	15.509	0.0	250.0	106.93	1723.7	0.00	0.000	-0.27
143.00	18601	0	20524	122	131.8	0.00	9.5	39.4	66	15.510	0.0	250.0	106.94	1723.7	0.00	0.000	-0.27
144.00	18815	0	20440	53	132.3	0.00	9.5	39.5	66	15.513	0.0	250.0	106.96	1723.7	0.00	0.000	-0.27
145.00	18876	0	20463	69	132.4	0.00	9.5	39.5	66	15.513	0.0	250.0	106.96	1723.7	0.00	0.000	-0.27
146.00	18708	0	20478	31	132.3	0.00	9.5	39.5	66	15.511	0.0	250.0	106.94	1723.7	0.00	0.000	-0.27
147.00	18654	0	20310	46	132.3	0.00	9.5	39.5	66	15.513	0.0	250.0	106.96	1723.7	0.00	0.000	-0.27
148.00	18593	0	20142	23	132.2	0.00	9.5	39.5	66	15.514	0.0	250.0	106.97	1723.7	0.00	0.000	-0.27
149.00	18685	0	20035	84	132.0	0.00	9.5	39.5	66	15.512	0.0	250.0	106.95	1723.7	0.00	0.000	-0.27
150.00	19005	0	20035	76	131.8	0.00	9.5	39.5	66	15.514	0.0	250.0	106.96	1723.7	0.00	0.000	-0.27
151.00	19021	0	20096	76	131.7	0.00	9.5	39.5	66	15.509	0.0	250.0	106.93	1723.7	0.00	0.000	-0.27
152.00	19303	0	20112	69	131.5	0.00	9.5	39.5	66	15.515	0.0	250.0	106.97	1723.7	0.00	0.000	-0.27
153.00	19601	0	20173	53	131.0	0.00	9.5	39.5	66	15.516	0.0	250.0	106.98	1723.7	0.00	0.000	-0.27
154.00	19997	0	20363	61	130.7	0.00	9.5	39.5	66	15.514	0.0	250.0	106.96	1723.7	0.00	0.000	-0.27
155.00	20226	0	20562	84	130.4	0.00	9.5	39.5	66	15.507	0.0	250.0	106.92	1723.7	0.00	0.000	-0.27
156.00	20798	0	20768	53	129.9	0.00	9.5	39.5	66	15.517	0.0	250.0	106.98	1723.7	0.00	0.000	-0.27
157.00	20943	0	21126	92	129.3	0.00	9.5	39.5	66	15.514	0.0	250.0	106.97	1723.7	0.00	0.000	-0.27
158.00	21310	0	21432	38	129.1	0.00	9.5	39.5	66	15.514	0.0	250.0	106.96	1723.7	0.00	0.000	-0.27
159.00	22309	0	22050	84	128.9	0.00	9.5	39.5	66	15.516	0.0	250.0	106.98	1723.7	0.00	0.000	-0.27
160.00	23957	0	23782	84	128.0	0.00	9.5	39.5	66	15.510	0.0	250.0	106.94	1723.7	0.00	0.000	-0.27
161.00	25140	0	25277	76	127.8	0.00	9.5	39.5	66	15.511	0.0	250.0	106.95	1723.7	0.00	0.000	-0.27
162.00	25765	0	27291	84	127.5	0.00	9.5	39.5	66	15.516	0.0	250.0	106.98	1723.7	0.00	0.000	-0.27
163.00	25712	0	28329	46	126.9	0.00	9.5	39.5	66	15.515	0.0	250.0	106.97	1723.7	0.00	0.000	-0.27
164.00	25231	0	28397	53	126.4	0.00	9.5	39.5	66	15.507	0.0	250.0	106.92	1723.7	0.00	0.000	-0.27
165.00	24575	0	27718	84	126.2	0.00	9.5	39.5	66	15.511	0.0	250.0	106.95	1723.7	0.00	0.000	-0.27
166.00	23919	0	26833	114	126.0	0.00	9.5	39.5	66	15.516	0.0	250.0	106.98	1723.7	0.00	0.000	-0.27
167.00	23095	0	25803	31	125.3	0.00	9.5	39.5	66	15.514	0.0	250.0	106.97	1723.7	0.00	0.000	-0.27
168.00	22622	0	24888	46	125.1	0.00	9.5	39.5	66	15.518	0.0	250.0	106.99	1723.7	0.00	0.000	-0.27
169.00	22095	0	24071	38	124.7	0.00	9.5	39.5	66	15.509	0.0	250.0	106.93	1723.7	0.00	0.000	-0.27
170.00	21790	0	23400	84	124.0	0.00	9.5	39.5	66	15.511	0.0	250.0	106.94	1723.7	0.00	0.000	-0.27
171.00	21630	0	22790	92	123.8	0.00	9.5	39.5	66	15.520	0.0	250.0	107.01	1723.7	0.00	0.000	-0.27
172.00	21592	0	22279	38	123.6	0.00	9.5	39.5	66	15.512	0.0	250.0	106.95	1723.7	0.00	0.000	-0.27
173.00	21393	0	21889	23	123.1	0.00	9.5	39.5	66	15.517	0.0	250.0	106.99	1723.7	0.00	0.000	-0.27
174.00	21111	0	21416	114	122.7	0.00	9.5	39.5	66	15.514	0.0	250.0	106.97	1723.7	0.00	0.000	-0.27
175.00	21073	0	21073	31	122.3	0.00	9.5	39.5	66	15.512	0.0	250.0	106.95	1723.7	0.00	0.000	-0.27
176.00	20867	0	20608	61	122.2	0.00	9.5	39.5	66	15.509	0.0	250.0	106.93	1723.7	0.00	0.000	-0.27
177.00	20699	0	20226	69	121.8	0.00	9.5	39.5	66	15.504	0.0	250.0	106.90	1723.7	0.00	0.000	-0.27
178.00	20898	0	19860	46	121.5	0.00	9.5	39.5	66	15.507	0.0	250.0	106.92	1723.7	0.00	0.000	-0.27
179.00	20821	0	19456	76	121.3	0.00	9.5	39.5	66	15.512	0.0	250.0	106.95	1723.7	0.00	0.000	-0.27
180.00	20943	0	19227	84	121.0	0.00	9.5	39.5	66	15.515	0.0	250.0	106.97	1723.7	0.00	0.000	-0.27
181.00	21058	0	19051	69	120.4	0.00	9.5	39.5	66	15.511	0.0	250.0	106.95	1723.7	0.00	0.000	-0.27
182.00	21180	0	18761	46	120.1	0.00	9.5	39.5	66	15.512	0.0	250.0	106.95	1723.7	0.00	0.000	-0.27
183.00	21233	0	18563	76	120.1	0.00	9.5	39.5	66	15.514	0.0	250.0	106.97	1723.7	0.00	0.000	-0.27
184.00	21531	0	18311	31	119.9	0.00	9.5	39.5	66	15.516	0.0	250.0	106.98	1723.7	0.00	0.000	-0.27
185.00	21851	0	18189	61	119.9	0.00	9.5	39.5	66	15.520	0.0	250.0	107.00	1723.7	0.00	0.000	-0.27
186.00	22095	0	17998	23	120.2	0.00	9.5	39.5	66	15.508	0.0	250.0	106.92	1723.7	0.00	0.000	-0.27
187.00	22355	0	17800	99	121.2	0.00	9.5	39.5	66	15.510	0.0	250.0	106.93	1723.7	0.00	0.000	-0.27
188.00	22706	0	17693	76	122.5	0.00	9.5	39.5	66	15.501	0.0	250.0	106.87	1723.7	0.00	0.000	-0.27
189.00	22866	0	17479	84	123.9	0.00	9.5	39.5	66	15.506	0.0	250.0	106.91	1723.7	0.00	0.000	-0.27
190.00	23171	0	17266	31	125.2	0.00	9.5	39.5	66	15.520	0.0	250.0	107.00	1723.7	0.00	0.000	-0.27
191.00	23362	0	17258	76	126.8	0.00	9.5	39.5	66	15.524	0.0	250.0	107.03	1723.7	0.00	0.000	-0.27
192.00	23461	0	17113	76	128.2	0.00	9.5	39.5	66	15.524	0.0	250.0	107.03	1723.7	0.00	0.000	-0.27
193.00	23591	0	16961	61	129.5	0.00	9.5	39.5	66	15.506	0.0	250.0	106.91	1723.7	0.00	0.000	-0.27
194.00	23759	0	16923	38	130.3	0.00	9.5	39.5	66	15.516	0.0	250.0	106.98	1723.7	0.00	0.000	-0.27
195.00	23675	0	16800	38	131.1	0.00	9.5	39.5	66	15.525	0.0	250.0	107.04	1723.7	0.00	0.000	-0.27
196.00	23797	0	16732	46	131.4	0.00	9.5	39.5	66	15.518	0.0	250.0	106.99	1723.7	0.00	0.000	-0.27
197.00	23858	0	16648	76	131.8	0.00	9.5	39.4	66	15.515	0.0	250.0	106.97	1723.7	0.00	0.000	-0.27
198.00	23652	0	16617	53	132.4	0.00	9.5	39.5	66	15.516	0.0	250.0	106.98	1723.7	0.00	0.000	-0.27
199.00	23888	0	16495	61	132.6	0.00	9.5	39.5	66	15.503	0.0	250.0	106.89	1723.7	0.00	0.000	-0.27
200.00	23675	0	16541	84	132.7	0.00	9.5	39.4	66	15.515	0.0	250.0	106.97	1723.7	0.00	0.000	-0.27
201.00	23652	0	16526	69	132.8	0.00	9.5	39.5	66	15.514	0.0	250.0	106.96	1723.7	0.00	0.000	-0.27
202.00	23537	0	16579	84	132.9	0.00	9.5	39.5	66	15.513	0.0	250.0	106.96	1723.7	0.00	0.000	-0.27
203.00	23659	0	16587	15	132.9	0.00	9.5	39.5	66	15.514	0.0	250.0	106.96	1723.7	0.00	0.000	-0.27
204.00	23461	0	16488	53	132.8	0.00	9.5	39.5	66	15.513	0.0	250.0	106.96	1723.7	0.00	0.000	-0.27
205.00	23545	0	16533	53	132.6	0.00	9.5	39.5	66	15.514	0.0	250.0	106.97	1723.7	0.00	0.000	-0.27
206.00	23469	0	16427	76	132.1	0.00	9.5	39.5	66	15.511	0.0	250.0	106.95	1723.7	0.00	0.000	-0.27
207.00	23492	0	16404	61	132.0	0.00	9.5	39.5	66	15.514	0.0	250.0	106.97	1723.7	0.00	0.000	-0.27
208.00	23408	0	16297	53	131.7	0.00	9.5	39.5	66	15.506	0.0	250.0	106.91	1723.7	0.00	0.000	-0.27
209.00	23507	0	16289	31	131.2	0.00	9.5	39.5	66	15.515	0.0	250.0	106.97	1723.7	0.00	0.000	-0.27
210.00	23484	0	16327	53	131.1	0.00	9.5	39.5	66	15.515	0.0	250.0	106.97	1723.7	0.00	0.000	-0.27
211.00	23629	0	16358	92	130.7	0.00	9.5	39.5	66	15.512	0.0	250.0	106.95	1723.7	0.00	0.000	-0.27
212.00	23499	0	16282	53	130.2	0.00	9.5	39.5	66	15.514	0.0	250.0	106.97	1723.7	0.00	0.000	-0.27
213.00	23728	0	16289	31	129.7	0.00	9.5	39.5	66	15.517	0.0	250.0	106.99	1723.7	0.00	0.000	-0.27
214.00	23888	0	16312	31	129.2	0.00	9.5	39.5	66	15.513	0.0	250.0	106.96	1723.7	0.00	0.000	-0.27
215.00	24033	0	16305	76	129.0	0.00	9.5	39.5	66	15.509	0.0	250.0	106.93	1723.7	0.00	0.000	-0.27
216.00	23927	0	16297	31	128.6	0.00	9.5	39.5	66	15.516	0.0	250.0	106.98	1723.7	0.00	0.000	-0.27
217.00	23881	0	16350	69	127.9	0.00	9.5	39.5	66	15.513	0.0	250.0	106.96	1723.7	0.00	0.000	-0.27
218.00	23888	0	16297	76	127.7	0.00	9.5	39.5	66	15.509	0.0	250.0	106.93	1723.7	0.00	0.000	-0.27
219.00	23598	0	16350	107	127.3	0.00	9.5	39.5	66	15.511	0.0	250.0	106.94	1723.7	0.00	0.000	-0.27
220.00	23469	0	16274	23	126.8	0.00	9.5	39.5	66	15.517	0.0	250.0	106.98	1723.7	0.00	0.000	-0.27
221.00	23644	0	16335	114	126.4	0.00	9.5	39.5	66	15.513	0.0	250.0	106.96	1723.7	0.00	0.000	-0.27
222.00	23247	0	16274	69	126.1	0.00	9.5	39.5	66	15.514	0.0	250.0	106.96	1723.7	0.00	0.000	-0.27
223.00	23232	0	16243	84	125.9	0.00	9.5	39.5	66	15.514	0.0	250.0	106.96	1723.7	0.00	0.000	-0.27
224.00	23255	0	16282	69	125.6	0.00	9.5	39.5	66	15.510	0.0	250.0	106.94	1723.7	0.00	0.000	-0.27
225.00	23110	0	16205	92	125.1	0.00	9.5	39.5	66	15.518	0.0	250.0	106.99	1723.7	0.00	0.000	-0.27
226.00	23003	0	16251	46	124.4	0.00	9.5	39.5	66	15.515	0.0	250.0	106.97	1723.7	0.00	0.000	-0.27
227.00	22996	0	16320	107	124.2	0.00	9.5	39.5	66	15.512	0.0	250.0	106.95	1723.7	0.00	0.000	-0.27
228.00	22767	0	16282	46	124.0	0.00	9.5	39.5	66	15.512	0.0	250.0	106.95	1723.7	0.00	0.000	-0.27
229.00	22759	0	16175	53	123.7	0.00	9.5	39.5	66	15.515	0.0	250.0	106.97	1723.7	0.00	0.000	-0.27
230.00	22843	0	16205	84	123.4	0.00	9.5	39.5	66	15.515	0.0	250.0	106.97	1723.7	0.00	0.000	-0.27
231.00	26009	0	16228	46	122.9	0.00	9.5	39.5	66	15.508	0.0	250.0	106.92	1723.7	0.00	0.000	-0.27
232.00	60175	0	16350	38	122.5	0.00	9.5	39.5	66	15.513	0.0	250.0	106.96	1723.7	0.00	0.000	-0.27
233.00	98453	0	16854	53	122.3	0.00	9.5	39.5	66	15.507	0.0	250.0	106.91	1723.7	0.00	0.000	-0.27
234.00	120113	0	17067	53	122.1	0.00	9.5	39.5	66	15.510	0.0	250.0	106.93	1723.7	0.00	0.000	-0.27
235.00	124790	0	17167	31	121.7	0.00	9.5	39.5	66	15.511	0.0	250.0	106.95	1723.7	0.00	0.000	-0.27
236.00	127064	0	17273	23	121.4	0.00	9.5	39.5	66	15.511	0.0	250.0	106.95	1723.7	0.00	0.000	-0.27
237.00	113208	0	17235	53	121.1	0.00	9.5	39.5	66	15.515	0.0	250.0	106.97	1723.7	0.00	0.000	-0.27
238.00	68941	0	17052	53	120.8	0.00	9.5	39.5	66	15.517	0.0	250.0	106.99	1723.7	0.00	0.000	-0.27
239.00	42573	0	16778	61	120.6	0.00	9.5	39.5	66	15.508	0.0	250.0	106.92	1723.7	0.00	0.000	-0.27
240.00	34143	0	16572	15	120.3	0.00	9.5	39.5	66	15.515	0.0	250.0	106.97	1723.7	0.00	0.000	-0.27
241.00	30457	0	16449	69	119.9	0.00	9.5	39.5	66	15.515	0.0	250.0	106.97	1723.7	0.00	0.000	-0.27
242.00	28558	0	16388	114	120.1	0.00	9.5	39.5	66	15.511	0.0	250.0	106.94	1723.7	0.00	0.000	-0.27
243.00	27322	0	16312	23	120.2	0.00	9.5	39.5	66	15.514	0.0	250.0	106.96	1723.7	0.00	0.000	-0.27
244.00	26650	0	16182	38	120.7	0.00	9.5	39.5	66	15.511	0.0	250.0	106.94	1723.7	0.00	0.000	-0.27
245.00	26185	0	16205	114	122.2	0.00	9.5	39.5	66	15.507	0.0	250.0	106.92	1723.7	0.00	0.000	-0.27
246.00	26002	0	16167	76	123.4	0.00	9.5	39.5	66	15.513	0.0	250.0	106.96	1723.7	0.00	0.000	-0.27
247.00	25620	0	16213	84	124.9	0.00	9.5	39.5	66	15.513	0.0	250.0	106.96	1723.7	0.00	0.000	-0.27
248.00	25483	0	16121	84	126.1	0.00	9.5	39.5	66	15.512	0.0	250.0	106.95	1723.7	0.00	0.000	-0.27
249.00	25224	0	16160	84	127.6	0.00	9.5	39.5	66	15.514	0.0	250.0	106.97	1723.7	0.00	0.000	-0.27
250.00	25109	0	16167	92	129.0	0.00	9.5	39.5	66	15.514	0.0	250.0	106.96	1723.7	0.00	0.000	-0.27
251.00	24796	0	16182	69	130.2	0.00	9.5	39.5	66	15.514	0.0	250.0	106.96	1723.7	0.00	0.000	-0.27
252.00	24751	0	16114	69	130.9	0.00	9.5	39.5	66	15.513	0.0	250.0	106.96	1723.7	0.00	0.000	-0.27
253.00	24384	0	16144	84	131.7	0.00	9.5	39.5	66	15.519	0.0	250.0	107.00	1723.7	0.00	0.000	-0.27
254.00	24346	0	16053	61	132.3	0.00	9.5	39.4	66	15.515	0.0	250.0	106.97	1723.7	0.00	0.000	-0.27
255.00	24239	0	16114	53	132.4	0.00	9.5	39.5	66	15.516	0.0	250.0	106.98	1723.7	0.00	0.000	-0.27
256.00	24148	0	16121	76	132.8	0.00	9.5	39.5	66	15.516	0.0	250.0	106.98	1723.7	0.00	0.000	-0.27
257.00	23820	0	15999	53	132.9	0.00	9.5	39.5	66	15.513	0.0	250.0	106.96	1723.7	0.00	0.000	-0.27
258.00	23728	0	16068	114	133.1	0.00	9.5	39.5	66	15.514	0.0	250.0	106.97	1723.7	0.00	0.000	-0.27
259.00	23637	0	15976	61	133.2	0.00	9.5	39.5	66	15.517	0.0	250.0	106.99	1723.7	0.00	0.000	-0.27
260.00	23461	0	16045	107	133.1	0.00	9.5	39.5	66	15.515	0.0	250.0	106.97	1723.7	0.00	0.000	-0.27
261.00	23278	0	15992	122	133.0	0.00	9.5	39.5	66	15.512	0.0	250.0	106.95	1723.7	0.00	0.000	-0.27
262.00	23148	0	16030	84	132.9	0.00	9.5	39.5	66	15.513	0.0	250.0	106.96	1723.7	0.00	0.000	-0.27
263.00	22866	0	15961	84	132.6	0.00	9.5	39.5	66	15.515	0.0	250.0	106.97	1723.7	0.00	0.000	-0.27
264.00	23118	0	15954	107	132.2	0.00	9.5	39.5	66	15.514	0.0	250.0	106.96	1723.7	0.00	0.000	-0.27
265.00	22881	0	15999	84	132.1	0.00	9.5	39.5	66	15.516	0.0	250.0	106.98	1723.7	0.00	0.000	-0.27
266.00	22858	0	15992	114	131.9	0.00	9.5	39.5	66	15.509	0.0	250.0	106.93	1723.7	0.00	0.000	-0.27
267.00	22706	0	15877	69	131.6	0.00	9.5	39.5	66	15.508	0.0	250.0	106.93	1723.7	0.00	0.000	-0.27
268.00	22469	0	15900	130	131.1	0.00	9.5	39.5	66	15.514	0.0	250.0	106.97	1723.7	0.00	0.000	-0.27
269.00	22286	0	15976	15	130.7	0.00	9.5	39.5	66	15.512	0.0	250.0	106.95	1723.7	0.00	0.000	-0.27
270.00	22279	0	15893	84	130.4	0.00	9.5	39.5	66	15.514	0.0	250.0	106.97	1723.7	0.00	0.000	-0.27
271.00	21981	0	15877	76	130.0	0.00	9.5	39.5	66	15.513	0.0	250.0	106.96	1723.7	0.00	0.000	-0.27
272.00	22092	0	15870	42	129.6	0.00	9.5	39.5	66	15.513	0.0	250.0	106.96	1723.7	0.00	0.000	-0.27
